   0     3214          3214          0
   .05  2925.7        2925.7         .0039064
   .1   2257.2        2257.2         .048101
   .15  1554.5        1554.4         .16702
   .2   1007.6        1007.3         .34023
   .25   638.71        638.18        .52284
   .3    405.07        404.39        .68188
   .35   260.04        259.23        .80337
   .4    169.84        168.95        .88587
   .45   113.03        112.09        .93386
   .5     76.63         75.676       .95363
   .55    52.87         51.919       .95149
   .6     37.071        36.139       .93296
   .65    26.381        25.479       .9026
   .7     19.029        18.164       .8641
   .75    13.896        13.075       .82034
   .8     10.263         9.4894      .77354
   .85     7.66          6.9346      .72538
   .9      5.7737        5.0966      .67712
   .95     4.3925        3.7628      .62969
  1        3.3716        2.7878      .58373
  1.05     2.6103        2.0706      .5397
  1.1      2.038         1.5401      .49787
  1.15     1.6045        1.1461      .45842
  1.2      1.2738         .85236     .42142
  1.25     1.0198         .63291     .38689
  1.3       .82343        .46866     .35478
  1.35      .67066        .34564     .32502
  1.4       .55103        .25353     .2975
  1.45      .45678        .18466     .27212
  1.5       .38205        .13329     .24876
  1.55      .3224         .095123    .22728
  1.6       .27448        .066916    .20757
  1.65      .23571        .046223    .18949
  1.7       .20412        .031191    .17293
  1.75      .17819        .020414    .15777
  1.8       .15673        .012822    .14391
  1.85      .13883        .0076029   .13123
  1.9       .12379        .0041391   .11965
  1.95      .11103        .0019614   .10907
  2         .10012       7.1434E-4   .099408
  2.05      .090719      1.2932E-4   .090589
  2.1       .082546      4.1096E-6   .082541
  2.15      .075386      1.874E-4    .075198
  2.2       .069066      5.6685E-4   .068499
  2.25      .063448       .0010599   .062388
  2.3       .058422       .0016066   .056816
  2.35      .053898       .0021643   .051733
  2.4       .049803       .0027035   .047099
  2.45      .046079       .0032045   .042875
  2.5       .042678       .0036549   .039023
  2.55      .03956        .0040478   .035512
  2.6       .036691       .0043802   .032311
  2.65      .034046       .004652    .029394
  2.7       .031601       .004865    .026736
  2.75      .029336       .0050226   .024313
  2.8       .027234       .0051288   .022106
  2.85      .025283       .0051882   .020094
  2.9       .023468       .0052056   .018262
  2.95      .021779       .0051857   .016593
  3         .020206       .0051334   .015073
  3.05      .018742       .005053    .013689
  3.1       .017377       .0049489   .012428
  3.15      .016105       .0048249   .011281
  3.2       .014921       .0046847   .010236
  3.25      .013817       .0045314   .0092853
  3.3       .012788       .0043682   .0084203
  3.35      .011831       .0041975   .0076332
  3.4       .010939       .0040216   .0069175
  3.45      .010109       .0038426   .0062665
  3.5       .009337       .0036623   .0056747
  3.55      .008619       .0034822   .0051368
  3.6       .0079516      .0033036   .004648
  3.65      .0073315      .0031275   .004204
  3.7       .0067557      .0029549   .0038008
  3.75      .0062213      .0027866   .0034347
  3.8       .0057255      .0026231   .0031024
  3.85      .005266       .002465    .002801
  3.9       .0048401      .0023126   .0025275
  3.95      .0044458      .0021661   .0022796
  4         .0040809      .0020259   .002055
  4.05      .0037433      .0018919   .0018514
  4.1       .0034313      .0017643   .0016671
  4.15      .0031431      .0016429   .0015002
  4.2       .0028771      .0015278   .0013492
  4.25      .0026316      .0014189   .0012127
  4.3       .0024053      .001316    .0010893
  4.35      .0021968      .001219   9.7775E-4
  4.4       .0020048      .0011278  8.7704E-4
  4.45      .0018282      .001042   7.8614E-4
  4.5       .0016658     9.6161E-4  7.0415E-4
  4.55      .0015165     8.8631E-4  6.3022E-4
  4.6       .0013795     8.1591E-4  5.6361E-4
  4.65      .0012538     7.5018E-4  5.0362E-4
  4.7       .0011385     6.8891E-4  4.4964E-4
  4.75      .001033      6.3187E-4  4.0109E-4
  4.8      9.3631E-4     5.7884E-4  3.5746E-4
  4.85     8.4789E-4     5.2962E-4  3.1827E-4
  4.9      7.6709E-4     4.8398E-4  2.8311E-4
  4.95     6.9329E-4     4.4173E-4  2.5157E-4
  5        6.2596E-4     4.0265E-4  2.233E-4
  5.05     5.6457E-4     3.6657E-4  1.98E-4
  5.1      5.0865E-4     3.3329E-4  1.7536E-4
  5.15     4.5776E-4     3.0263E-4  1.5513E-4
  5.2      4.1148E-4     2.7443E-4  1.3705E-4
  5.25     3.6944E-4     2.4851E-4  1.2093E-4
  5.3      3.313E-4      2.2474E-4  1.0656E-4
  5.35     2.9671E-4     2.0295E-4  9.3763E-5
  5.4      2.6538E-4     1.83E-4    8.2381E-5
  5.45     2.3704E-4     1.6477E-4  7.2267E-5
  5.5      2.1143E-4     1.4813E-4  6.3292E-5
  5.55     1.883E-4      1.3296E-4  5.5336E-5
  5.6      1.6745E-4     1.1915E-4  4.8292E-5
  5.65     1.4867E-4     1.066E-4   4.2065E-5
  5.7      1.3177E-4     9.5205E-5  3.6566E-5
  5.75     1.1659E-4     8.4874E-5  3.1719E-5
  5.8      1.0297E-4     7.5523E-5  2.7451E-5
  5.85     9.0774E-5     6.7073E-5  2.3701E-5
  5.9      7.9857E-5     5.9447E-5  2.041E-5
  5.95     7.0106E-5     5.2577E-5  1.7529E-5
  6        6.1408E-5     4.6399E-5  1.501E-5
  6.05     5.3663E-5     4.0851E-5  1.2812E-5
  6.1      4.6778E-5     3.5879E-5  1.0899E-5
  6.15     4.0669E-5     3.1431E-5  9.2381E-6
  6.2      3.5259E-5     2.746E-5   7.799E-6
  6.25     3.0477E-5     2.3921E-5  6.5557E-6
  6.3      2.6259E-5     2.0775E-5  5.4845E-6
  6.35     2.2548E-5     1.7984E-5  4.5646E-6
  6.4      1.929E-5      1.5513E-5  3.7773E-6
  6.45     1.6438E-5     1.3332E-5  3.1059E-6
  6.5      1.3947E-5     1.1411E-5  2.5357E-6
  6.55     1.1778E-5     9.7245E-6  2.0538E-6
  6.6      9.8963E-6     8.248E-6   1.6484E-6
  6.65     8.2688E-6     6.9595E-6  1.3093E-6
  6.7      6.8666E-6     5.839E-6   1.0276E-6
  6.75     5.6636E-6     4.8683E-6  7.9525E-7
  6.8      4.6361E-6     4.0309E-6  6.0525E-7
  6.85     3.763E-6      3.3116E-6  4.5147E-7
  6.9      3.0254E-6     2.6969E-6  3.2851E-7
  6.95     2.4062E-6     2.1745E-6  2.3166E-7
  7        1.8902E-6     1.7333E-6  1.5683E-7
  7.05     1.4639E-6     1.3634E-6  1.0042E-7
  7.1      1.1152E-6     1.0558E-6  5.9349E-8
  7.15     8.3336E-7     8.0244E-7  3.0925E-8
  7.2      6.0894E-7     5.9611E-7  1.2837E-8
  7.25     4.335E-7      4.304E-7   3.0973E-9
  7.3      2.9961E-7     2.996E-7   6.959E-12
  7.35     2.0075E-7     1.9863E-7  2.1174E-9
  7.4      1.3119E-7     1.2299E-7  8.201E-9
  7.45     8.5916E-8     6.8693E-8  1.7223E-8
  7.5      6.0567E-8     3.2248E-8  2.8319E-8
  7.55     5.1347E-8     1.058E-8   4.0767E-8
  7.6      5.4978E-8     1.0023E-9  5.3976E-8
  7.65     6.8637E-8     1.1757E-9  6.7462E-8
  7.7      8.9908E-8     9.0712E-9  8.0837E-8
  7.75     1.1673E-7     2.2939E-8  9.3794E-8
  7.8      1.4737E-7     4.1276E-8  1.0609E-7
  7.85     1.8036E-7     6.2802E-8  1.1756E-7
  7.9      2.1449E-7     8.6433E-8  1.2806E-7
  7.95     2.4877E-7     1.1126E-7  1.3751E-7
  8        2.8237E-7     1.3652E-7  1.4585E-7
  8.05     3.1466E-7     1.6159E-7  1.5307E-7
  8.1      3.4513E-7     1.8597E-7  1.5916E-7
  8.15     3.7339E-7     2.0926E-7  1.6413E-7
  8.2      3.9918E-7     2.3115E-7  1.6803E-7
  8.25     4.2229E-7     2.5139E-7  1.709E-7
  8.3      4.4261E-7     2.6982E-7  1.7279E-7
  8.35     4.601E-7      2.8633E-7  1.7377E-7
  8.4      4.7475E-7     3.0086E-7  1.7389E-7
  8.45     4.8661E-7     3.1338E-7  1.7323E-7
  8.5      4.9576E-7     3.239E-7   1.7186E-7
  8.55     5.023E-7      3.3246E-7  1.6984E-7
  8.6      5.0637E-7     3.3913E-7  1.6724E-7
  8.65     5.0809E-7     3.4396E-7  1.6413E-7
  8.7      5.0765E-7     3.4708E-7  1.6058E-7
  8.75     5.0519E-7     3.4855E-7  1.5663E-7
  8.8      5.0087E-7     3.4851E-7  1.5236E-7
  8.85     4.9488E-7     3.4706E-7  1.4781E-7
  8.9      4.8738E-7     3.4433E-7  1.4304E-7
  8.95     4.7852E-7     3.4042E-7  1.381E-7
  9        4.6848E-7     3.3546E-7  1.3302E-7
  9.05     4.574E-7      3.2955E-7  1.2785E-7
  9.1      4.4543E-7     3.2281E-7  1.2263E-7
  9.15     4.3272E-7     3.1534E-7  1.1738E-7
  9.2      4.1938E-7     3.0724E-7  1.1214E-7
  9.25     4.0555E-7     2.9862E-7  1.0693E-7
  9.3      3.9135E-7     2.8956E-7  1.0179E-7
  9.35     3.7686E-7     2.8015E-7  9.6715E-8
  9.4      3.6221E-7     2.7046E-7  9.1741E-8
  9.45     3.4746E-7     2.6058E-7  8.6878E-8
  9.5      3.327E-7      2.5056E-7  8.214E-8
  9.55     3.1801E-7     2.4048E-7  7.7538E-8
  9.6      3.0345E-7     2.3037E-7  7.3079E-8
  9.65     2.8908E-7     2.2031E-7  6.8773E-8
  9.7      2.7495E-7     2.1033E-7  6.4623E-8
  9.75     2.611E-7      2.0047E-7  6.0634E-8
  9.8      2.4757E-7     1.9076E-7  5.6808E-8
  9.85     2.3439E-7     1.8125E-7  5.3147E-8
  9.9      2.216E-7      1.7195E-7  4.9651E-8
  9.95     2.092E-7      1.6288E-7  4.6319E-8
 10        1.9722E-7     1.5407E-7  4.315E-8





