1 1 25
              1         1.15836
              3        0.468237
              5        0.197921
              7        0.172585
              9        0.127057
             11        0.107458
             13        0.104598
             15        0.102519
             17       0.0901315
             19       0.0824199
             21       0.0756039
             23       0.0814645
             25       0.0707406
             27       0.0782656
             29       0.0651337
             31       0.0672759
             33        0.062707
             35      0.00438745
             37               0
             39               0
             41               0
             43               0
             45               0
             47               0
             49               0
1 2 25
              1         1.21249
              3        0.590413
              5        0.242382
              7        0.137992
              9        0.153418
             11        0.080429
             13        0.153146
             15       0.0718333
             17       0.0739503
             19       0.0520123
             21       0.0623679
             23       0.0504183
             25       0.0459811
             27         0.03827
             29       0.0504772
             31       0.0399033
             33        0.033712
             35       0.0021489
             37               0
             39               0
             41               0
             43               0
             45               0
             47               0
             49               0
1 3 25
              1         1.39547
              3        0.652417
              5        0.281412
              7        0.157489
              9        0.147211
             11        0.123522
             13       0.0908272
             15       0.0591135
             17       0.0674366
             19       0.0625453
             21       0.0602468
             23       0.0510873
             25        0.046323
             27       0.0474262
             29       0.0504896
             31       0.0444714
             33       0.0402495
             35      0.00250287
             37               0
             39               0
             41               0
             43               0
             45               0
             47               0
             49               0
1 4 25
              1         1.31802
              3        0.793344
              5        0.343374
              7        0.223365
              9         0.15463
             11        0.135806
             13        0.142635
             15        0.125619
             17        0.135516
             19        0.127261
             21        0.128019
             23        0.110534
             25        0.107472
             27        0.104237
             29        0.110821
             31       0.0829502
             33       0.0828881
             35       0.0054577
             37               0
             39               0
             41               0
             43               0
             45               0
             47               0
             49               0
2 1 25
              1         1.12918
              3        0.472847
              5        0.222819
              7        0.130265
              9       0.0970379
             11       0.0834826
             13       0.0699916
             15       0.0628758
             17       0.0501906
             19       0.0494726
             21        0.047129
             23       0.0475943
             25       0.0308347
             27       0.0343351
             29       0.0350952
             31        0.030619
             33       0.0323088
             35      0.00225994
             37               0
             39               0
             41               0
             43               0
             45               0
             47               0
             49               0
2 2 25
              1          1.3281
              3        0.570194
              5        0.204005
              7          0.1367
              9       0.0951578
             11       0.0527226
             13       0.0426611
             15       0.0311994
             17       0.0266018
             19       0.0154393
             21       0.0137295
             23       0.0142664
             25      0.00907901
             27      0.00787556
             29      0.00479603
             31      0.00626806
             33      0.00503389
             35      0.00112229
             37               0
             39               0
             41               0
             43               0
             45               0
             47               0
             49               0
2 3 25
              1          1.4139
              3        0.696671
              5        0.262972
              7        0.138094
              9       0.0883759
             11        0.071775
             13        0.051447
             15       0.0333812
             17       0.0322523
             19       0.0195167
             21       0.0112102
             23       0.0111391
             25       0.0103917
             27       0.0106935
             29       0.0100757
             31      0.00904303
             33      0.00567717
             35      0.00129131
             37               0
             39               0
             41               0
             43               0
             45               0
             47               0
             49               0
2 4 25
              1         1.36038
              3        0.767271
              5        0.380029
              7        0.216656
              9        0.155712
             11        0.112379
             13       0.0969457
             15       0.0866677
             17       0.0831352
             19       0.0708115
             21       0.0765394
             23       0.0789243
             25        0.059281
             27       0.0613396
             29       0.0662871
             31       0.0569137
             33       0.0406708
             35      0.00309961
             37               0
             39               0
             41               0
             43               0
             45               0
             47               0
             49               0
3 1 25
              1         1.16112
              3        0.486057
              5        0.178641
              7        0.140165
              9       0.0810961
             11        0.085356
             13       0.0796147
             15        0.052766
             17       0.0533881
             19       0.0535616
             21       0.0433148
             23       0.0445404
             25       0.0413982
             27       0.0306108
             29       0.0335043
             31       0.0299688
             33       0.0302493
             35      0.00177002
             37               0
             39               0
             41               0
             43               0
             45               0
             47               0
             49               0
3 2 25
              1         1.31737
              3        0.583234
              5        0.229415
              7        0.147851
              9       0.0645736
             11       0.0698792
             13       0.0345357
             15       0.0367317
             17        0.024177
             19       0.0193684
             21       0.0140006
             23       0.0107465
             25      0.00984221
             27        0.011801
             29      0.00697137
             31      0.00742105
             33      0.00722691
             35     0.000750174
             37               0
             39               0
             41               0
             43               0
             45               0
             47               0
             49               0
3 3 25
              1         1.40098
              3        0.711976
              5        0.264931
              7        0.158454
              9        0.112912
             11       0.0819146
             13       0.0587338
             15       0.0317114
             17       0.0240696
             19       0.0193985
             21       0.0148418
             23       0.0172345
             25       0.0107697
             27      0.00953341
             29      0.00863369
             31      0.00700991
             33      0.00801178
             35      0.00109498
             37               0
             39               0
             41               0
             43               0
             45               0
             47               0
             49               0
3 4 25
              1          1.3911
              3        0.857197
              5         0.38442
              7        0.193544
              9        0.140377
             11        0.116487
             13       0.0841299
             15       0.0811685
             17       0.0746698
             19       0.0747071
             21       0.0681728
             23        0.062161
             25       0.0512718
             27          0.0707
             29       0.0683628
             31       0.0603693
             33       0.0527711
             35      0.00369496
             37               0
             39               0
             41               0
             43               0
             45               0
             47               0
             49               0
4 1 25
              1         1.13915
              3        0.443906
              5         0.22115
              7        0.152421
              9        0.117877
             11        0.100216
             13       0.0976835
             15         0.10283
             17       0.0931414
             19       0.0864561
             21        0.082606
             23       0.0841791
             25       0.0742423
             27        0.057491
             29       0.0647073
             31       0.0662708
             33       0.0561029
             35      0.00394797
             37               0
             39               0
             41               0
             43               0
             45               0
             47               0
             49               0
4 2 25
              1         1.23659
              3        0.579286
              5        0.233821
              7         0.15177
              9        0.113518
             11       0.0949468
             13       0.0794308
             15       0.0704688
             17       0.0634885
             19       0.0804554
             21       0.0479393
             23       0.0573602
             25       0.0381873
             27       0.0446059
             29       0.0494254
             31       0.0453007
             33       0.0298859
             35      0.00374978
             37               0
             39               0
             41               0
             43               0
             45               0
             47               0
             49               0
4 3 25
              1         1.30928
              3        0.627942
              5         0.27624
              7         0.17647
              9        0.190068
             11       0.0816617
             13       0.0886464
             15       0.0731443
             17       0.0853335
             19       0.0877047
             21       0.0790837
             23       0.0495372
             25       0.0596943
             27       0.0633002
             29       0.0452119
             31       0.0474096
             33       0.0453227
             35      0.00268369
             37               0
             39               0
             41               0
             43               0
             45               0
             47               0
             49               0
4 4 25
              1         1.41321
              3        0.800095
              5        0.311491
              7        0.213458
              9        0.166606
             11        0.147227
             13        0.128937
             15        0.126101
             17        0.118923
             19        0.110468
             21        0.096298
             23        0.122765
             25        0.102884
             27        0.108368
             29       0.0915057
             31       0.0882386
             33        0.101256
             35      0.00541828
             37               0
             39               0
             41               0
             43               0
             45               0
             47               0
             49               0
