    1         3000.91         252.289
    2         2905.89         237.179
    3         2834.73         209.518
    4         2730.41         232.916
    5         2590.82         231.972
    6         2539.38         201.798
    7         2446.47         213.412
    8          3154.7         236.091
    9         3022.72         241.211
   10         2928.82         227.537
   11         2825.22         244.351
   12            2721         219.864
   13         2614.64         222.467
   14         2554.27         214.905
   15         2444.69         205.651
   16            2315         216.552
   17         3256.96         239.741
   18         3160.69         233.641
   19         3043.69         221.348
   20         2944.64         232.171
   21          2812.1         227.606
   22         2699.94         223.604
   23         2618.79         225.246
   24          2513.2         213.514
   25         2427.16         209.507
   26         2320.63         224.067
   27         2176.08         226.686
   28         3326.11         234.238
   29         3252.31         249.756
   30         3123.33         249.512
   31         3021.69         230.274
   32         2904.13         230.912
   33         2785.99         236.146
   34         2680.05         218.949
   35         2575.83         220.458
   36         2482.47         213.664
   37         2382.72          202.76
   38         2288.62         208.348
   39         2192.55          200.01
   40         3310.72         233.548
   41         3349.63         257.847
   42         3212.83         253.114
   43         3083.67         243.006
   44         2979.35         245.964
   45          2864.4         226.049
   46         2753.93         221.386
   47         2650.03         228.143
   48         2546.15         206.488
   49         2430.95         209.993
   50         2352.62         203.004
   51         2255.31         190.695
   52         2175.08         192.686
   53         2090.86         205.106
   54          3436.5         255.129
   55          3288.4         248.107
   56         3174.58         233.168
   57         3036.93         256.275
   58         2904.06         239.311
   59         2809.81         224.401
   60         2697.36          232.69
   61         2587.91         205.149
   62         2480.93         209.663
   63         2384.71         214.324
   64         2285.18         193.248
   65         2198.54         190.096
   66         2137.98         189.813
   67         3460.02         273.314
   68         3299.27         260.944
   69         3189.45         243.136
   70         3056.09          256.09
   71         2930.29          237.71
   72         2814.48         226.375
   73         2703.81         242.477
   74         2591.31         213.594
   75         2486.58         212.714
   76         2384.25         221.143
   77         2282.05         206.844
   78         2192.48          193.83
   79         2138.01         191.133
   80         3434.65         285.808
   81         3275.38          270.61
   82         3146.19         266.118
   83          3025.5         262.521
   84         2893.67         249.748
   85         2760.26         246.813
   86         2652.83         243.265
   87         2556.95          220.98
   88         2432.94          223.12
   89         2324.34         230.345
   90          2237.8         209.675
   91         2153.13         196.834
   92         2148.49         191.748
   93         3446.33         287.413
   94         3299.77         253.025
   95         3179.17         254.647
   96         3032.58          267.22
   97         2895.57          250.19
   98         2774.53         242.414
   99         2666.57         235.424
  100         2547.98         225.552
  101            2433         222.092
  102         2338.97          220.34
  103         2239.56         207.197
  104          2156.9         199.171
  105            2092         195.993
  106         3456.76         290.856
  107         3316.15         259.868
  108         3170.98          269.87
  109         3036.63         266.133
  110         2894.86         254.655
  111         2776.83         244.091
  112         2667.84         237.043
  113         2538.34         233.871
  114         2437.33         227.316
  115         2339.32         224.466
  116         2246.73         201.436
  117         2163.03          201.48
  118         2102.57         198.415
  119          3440.8         290.826
  120          3284.7         269.514
  121         3147.26         270.381
  122         3027.76         255.204
  123          2894.7         245.476
  124         2764.01         246.221
  125         2659.95         239.961
  126         2534.49         226.605
  127         2423.28         230.676
  128         2335.01         216.468
  129         2245.42         201.199
  130          2157.2         198.472
  131         2095.25         198.814
  132         3402.66         278.616
  133         3257.21         256.899
  134         3117.53         256.375
  135         3003.95          255.92
  136         2858.77         248.711
  137         2744.91         236.379
  138         2642.12         234.746
  139         2521.46         221.675
  140         2417.69         217.081
  141         2322.59         212.496
  142         2235.84         193.865
  143         2144.31         187.572
  144         2074.04         190.988
  145         3340.24         271.585
  146         3194.14         262.645
  147         3071.81         244.041
  148         2955.99         242.714
  149         2828.25         238.899
  150         2710.57         231.015
  151         2603.76         232.991
  152         2486.47         223.296
  153         2390.06         209.902
  154         2293.24         218.635
  155         2203.48         197.259
  156         2136.38         182.791
  157         2066.21         185.821
  158         3203.67          259.57
  159          3249.8         274.529
  160         3119.28         249.684
  161         3010.21         238.634
  162         2895.83          244.15
  163         2768.47         235.156
  164         2660.37         231.846
  165         2546.92         231.005
  166         2436.99         222.215
  167         2341.95         213.769
  168         2253.73         212.319
  169         2178.21         186.471
  170         2094.39         183.427
  171         3211.27         239.087
  172         3159.46          255.75
  173         3036.87         252.225
  174         2917.54         245.353
  175         2808.31         243.283
  176         2696.29         235.641
  177         2596.98          219.48
  178         2486.53         224.148
  179          2389.3         214.237
  180         2290.95         209.706
  181          2204.5         207.289
  182         2120.64         198.957
  183         3165.98         252.565
  184         3070.89          228.17
  185         2936.08         240.134
  186         2846.11          219.25
  187          2710.2         232.472
  188         2615.52         229.357
  189         2509.75         225.007
  190         2420.16         214.249
  191         2328.79         208.855
  192         2248.75         205.388
  193         2129.23         212.478
  194          3044.8         249.378
  195         2938.97         239.317
  196         2817.02         234.327
  197         2714.77         244.487
  198          2610.2         227.302
  199         2528.69         223.492
  200         2455.97         210.306
  201         2353.79         195.832
  202         2256.77         205.933
  203         2923.06         243.052
  204         2799.34         243.493
  205         2709.69         230.492
  206         2620.19         232.585
  207         2515.83         219.273
  208         2431.21         223.841
  209         2344.28         210.375
  210         2762.21         252.593
  211         2682.33          230.94
  212         2603.53         219.401
  213         2518.69         223.696
