6 3.8 -157.8 -62
6 3.8 -154 -63.9
6 3.8 -150.2 -62
10 3.8 -146.4 -63.9
12 3.8 -142.6 -62
12 3.8 -138.8 -63.9
16 3.8 -135 -62
16 4 -131.2 -64
16 4 -127.2 -62
18 4 -123.2 -64
18 4 -119.2 -62
20 4 -115.2 -64
20 4 -111.2 -62
22 4 -107.2 -64
22 4 -103.2 -62
24 4 -99.2 -64
24 4 -95.2 -62
24 4 -91.2 -64
24 4 -87.2 -62
26 4 -83.2 -64
26 4 -79.2 -62
28 4 -75.2 -64
28 4 -71.2 -62
28 4 -67.2 -64
28 4 -63.2 -62
30 4 -59.2 -64
30 4 -55.2 -62
28 4 -51.2 -56
28 4 -47.2 -54
28 4 -43.2 -56
28 4 -39.2 -54
28 4 -35.2 -48
28 4 -31.2 -46
28 4 -27.2 -48
28 4 -23.2 -46
26 4.2 -19.2 -48.1
26 4.2 -15 -46
26 4.2 -10.8 -48.1
26 4.2 -6.6 -46
26 4.2 -2.4 -48.1
26 4.2 1.8 -46
26 4.2 6 -48.1
26 4.2 10.2 -46
26 4.2 14.4 -48.1
26 4.2 18.6 -46
26 4.2 22.8 -48.1
26 4.2 27 -46
28 4.2 31.2 -56.1
26 4.2 35.4 -54
26 4.2 39.6 -56.1
26 4.2 43.8 -54
28 4.2 48 -64.1
28 4.2 52.2 -62
28 4.2 56.4 -64.1
28 4.2 60.6 -62
28 4.2 64.8 -64.1
26 4.2 69 -62
26 4.2 73.2 -64.1
26 4.2 77.4 -62
24 4.2 81.6 -64.1
24 4.2 85.8 -62
24 4.2 90 -64.1
22 4.2 94.2 -62
22 4.2 98.4 -64.1
20 4.2 102.6 -62
20 4.2 106.8 -64.1
18 4.2 111 -62
18 4.2 115.2 -64.1
16 4.2 119.4 -62
16 4.2 123.6 -64.1
14 4.2 127.8 -62
14 4.2 132 -64.1
12 4.2 136.2 -63
10 4.2 140.4 -64.1
8 4.2 144.6 -63
6 4.2 148.8 -64.1
6 4.2 153 -62
