#type cell row col x(mm) y(mm) ncol(row)
   42    1   1   1  -539 -1579  8
   42    2   1   2  -497 -1579  8
   42    3   1   3  -455 -1579  8
   42    4   1   4  -413 -1579  8
   42    5   1   5  -371 -1579  8
   42    6   1   6  -329 -1579  8
   42    7   1   7  -287 -1579  8
   42    8   1   8  -245 -1579  8
   42    9   2   1  -518 -1537  8
   42   10   2   2  -476 -1537  8
   42   11   2   3  -434 -1537  8
   42   12   2   4  -392 -1537  8
   42   13   2   5  -350 -1537  8
   42   14   2   6  -308 -1537  8
   42   15   2   7  -266 -1537  8
   42   16   2   8  -224 -1537  8
   42   17   3   1  -539 -1495  8
   42   18   3   2  -497 -1495  8
   42   19   3   3  -455 -1495  8
   42   20   3   4  -413 -1495  8
   42   21   3   5  -371 -1495  8
   42   22   3   6  -329 -1495  8
   42   23   3   7  -287 -1495  8
   42   24   3   8  -245 -1495  8
   42   25   4   1  -518 -1453  8
   42   26   4   2  -476 -1453  8
   42   27   4   3  -434 -1453  8
   42   28   4   4  -392 -1453  8
   42   29   4   5  -350 -1453  8
   42   30   4   6  -308 -1453  8
   42   31   4   7  -266 -1453  8
   42   32   4   8  -224 -1453  8
   42   33   5   1  -619 -1411  14
   42   34   5   2  -577 -1411  14
   42   35   5   3  -535 -1411  14
   42   36   5   4  -493 -1411  14
   42   37   5   5  -451 -1411  14
   42   38   5   6  -409 -1411  14
   42   39   5   7  -367 -1411  14
   42   40   5   8  -325 -1411  14
   42   41   5   9  -283 -1411  14
   42   42   5  10  -241 -1411  14
   42   43   5  11  -199 -1411  14
   42   44   5  12  -157 -1411  14
   42   45   5  13  -115 -1411  14
   42   46   5  14   -73 -1411  14
   42   47   6   1  -598 -1369  14
   42   48   6   2  -556 -1369  14
   42   49   6   3  -514 -1369  14
   42   50   6   4  -472 -1369  14
   42   51   6   5  -430 -1369  14
   42   52   6   6  -388 -1369  14
   42   53   6   7  -346 -1369  14
   42   54   6   8  -304 -1369  14
   42   55   6   9  -262 -1369  14
   42   56   6  10  -220 -1369  14
   42   57   6  11  -178 -1369  14
   42   58   6  12  -136 -1369  14
   42   59   6  13   -94 -1369  14
   42   60   6  14   -52 -1369  14
   42   61   7   1  -619 -1327  14
   42   62   7   2  -577 -1327  14
   42   63   7   3  -535 -1327  14
   42   64   7   4  -493 -1327  14
   42   65   7   5  -451 -1327  14
   42   66   7   6  -409 -1327  14
   42   67   7   7  -367 -1327  14
   42   68   7   8  -325 -1327  14
   42   69   7   9  -283 -1327  14
   42   70   7  10  -241 -1327  14
   42   71   7  11  -199 -1327  14
   42   72   7  12  -157 -1327  14
   42   73   7  13  -115 -1327  14
   42   74   7  14   -73 -1327  14
   42   75   8   1  -598 -1285  14
   42   76   8   2  -556 -1285  14
   42   77   8   3  -514 -1285  14
   42   78   8   4  -472 -1285  14
   42   79   8   5  -430 -1285  14
   42   80   8   6  -388 -1285  14
   42   81   8   7  -346 -1285  14
   42   82   8   8  -304 -1285  14
   42   83   8   9  -262 -1285  14
   42   84   8  10  -220 -1285  14
   42   85   8  11  -178 -1285  14
   42   86   8  12  -136 -1285  14
   42   87   8  13   -94 -1285  14
   42   88   8  14   -52 -1285  14
   42   89   9   1  -619 -1243  18
   42   90   9   2  -577 -1243  18
   42   91   9   3  -535 -1243  18
   42   92   9   4  -493 -1243  18
   42   93   9   5  -451 -1243  18
   42   94   9   6  -409 -1243  18
   42   95   9   7  -367 -1243  18
   42   96   9   8  -325 -1243  18
   42   97   9   9  -283 -1243  18
   42   98   9  10  -241 -1243  18
   42   99   9  11  -199 -1243  18
   42  100   9  12  -157 -1243  18
   42  101   9  13  -115 -1243  18
   42  102   9  14   -73 -1243  18
   42  103   9  15   -31 -1243  18
   42  104   9  16    11 -1243  18
   42  105   9  17    53 -1243  18
   42  106   9  18    95 -1243  18
   42  107  10   1  -598 -1201  18
   42  108  10   2  -556 -1201  18
   42  109  10   3  -514 -1201  18
   42  110  10   4  -472 -1201  18
   42  111  10   5  -430 -1201  18
   42  112  10   6  -388 -1201  18
   42  113  10   7  -346 -1201  18
   42  114  10   8  -304 -1201  18
   42  115  10   9  -262 -1201  18
   42  116  10  10  -220 -1201  18
   42  117  10  11  -178 -1201  18
   42  118  10  12  -136 -1201  18
   42  119  10  13   -94 -1201  18
   42  120  10  14   -52 -1201  18
   42  121  10  15   -10 -1201  18
   42  122  10  16    32 -1201  18
   42  123  10  17    74 -1201  18
   42  124  10  18   116 -1201  18
   42  125  11   1  -619 -1159  18
   42  126  11   2  -577 -1159  18
   42  127  11   3  -535 -1159  18
   42  128  11   4  -493 -1159  18
   42  129  11   5  -451 -1159  18
   42  130  11   6  -409 -1159  18
   42  131  11   7  -367 -1159  18
   42  132  11   8  -325 -1159  18
   42  133  11   9  -283 -1159  18
   42  134  11  10  -241 -1159  18
   42  135  11  11  -199 -1159  18
   42  136  11  12  -157 -1159  18
   42  137  11  13  -115 -1159  18
   42  138  11  14   -73 -1159  18
   42  139  11  15   -31 -1159  18
   42  140  11  16    11 -1159  18
   42  141  11  17    53 -1159  18
   42  142  11  18    95 -1159  18
   42  143  12   1  -598 -1117  18
   42  144  12   2  -556 -1117  18
   42  145  12   3  -514 -1117  18
   42  146  12   4  -472 -1117  18
   42  147  12   5  -430 -1117  18
   42  148  12   6  -388 -1117  18
   42  149  12   7  -346 -1117  18
   42  150  12   8  -304 -1117  18
   42  151  12   9  -262 -1117  18
   42  152  12  10  -220 -1117  18
   42  153  12  11  -178 -1117  18
   42  154  12  12  -136 -1117  18
   42  155  12  13   -94 -1117  18
   42  156  12  14   -52 -1117  18
   42  157  12  15   -10 -1117  18
   42  158  12  16    32 -1117  18
   42  159  12  17    74 -1117  18
   42  160  12  18   116 -1117  18
   42  161  13   1  -619 -1075  21
   42  162  13   2  -577 -1075  21
   42  163  13   3  -535 -1075  21
   42  164  13   4  -493 -1075  21
   42  165  13   5  -451 -1075  21
   42  166  13   6  -409 -1075  21
   42  167  13   7  -367 -1075  21
   42  168  13   8  -325 -1075  21
   42  169  13   9  -283 -1075  21
   42  170  13  10  -241 -1075  21
   42  171  13  11  -199 -1075  21
   42  172  13  12  -157 -1075  21
   42  173  13  13  -115 -1075  21
   42  174  13  14   -73 -1075  21
   42  175  13  15   -31 -1075  21
   42  176  13  16    11 -1075  21
   42  177  13  17    53 -1075  21
   42  178  13  18    95 -1075  21
   42  179  13  19   137 -1075  21
   42  180  13  20   179 -1075  21
   42  181  13  21   221 -1075  21
   42  182  14   1  -598 -1033  21
   42  183  14   2  -556 -1033  21
   42  184  14   3  -514 -1033  21
   42  185  14   4  -472 -1033  21
   42  186  14   5  -430 -1033  21
   42  187  14   6  -388 -1033  21
   42  188  14   7  -346 -1033  21
   42  189  14   8  -304 -1033  21
   42  190  14   9  -262 -1033  21
   42  191  14  10  -220 -1033  21
   42  192  14  11  -178 -1033  21
   42  193  14  12  -136 -1033  21
   42  194  14  13   -94 -1033  21
   42  195  14  14   -52 -1033  21
   42  196  14  15   -10 -1033  21
   42  197  14  16    32 -1033  21
   42  198  14  17    74 -1033  21
   42  199  14  18   116 -1033  21
   42  200  14  19   158 -1033  21
   42  201  14  20   200 -1033  21
   42  202  14  21   242 -1033  21
   42  203  15   1  -619  -991  21
   42  204  15   2  -577  -991  21
   42  205  15   3  -535  -991  21
   42  206  15   4  -493  -991  21
   42  207  15   5  -451  -991  21
   42  208  15   6  -409  -991  21
   42  209  15   7  -367  -991  21
   42  210  15   8  -325  -991  21
   42  211  15   9  -283  -991  21
   42  212  15  10  -241  -991  21
   42  213  15  11  -199  -991  21
   42  214  15  12  -157  -991  21
   42  215  15  13  -115  -991  21
   42  216  15  14   -73  -991  21
   42  217  15  15   -31  -991  21
   42  218  15  16    11  -991  21
   42  219  15  17    53  -991  21
   42  220  15  18    95  -991  21
   42  221  15  19   137  -991  21
   42  222  15  20   179  -991  21
   42  223  15  21   221  -991  21
   42  224  16   1  -598  -949  21
   42  225  16   2  -556  -949  21
   42  226  16   3  -514  -949  21
   42  227  16   4  -472  -949  21
   42  228  16   5  -430  -949  21
   42  229  16   6  -388  -949  21
   42  230  16   7  -346  -949  21
   42  231  16   8  -304  -949  21
   42  232  16   9  -262  -949  21
   42  233  16  10  -220  -949  21
   42  234  16  11  -178  -949  21
   42  235  16  12  -136  -949  21
   42  236  16  13   -94  -949  21
   42  237  16  14   -52  -949  21
   42  238  16  15   -10  -949  21
   42  239  16  16    32  -949  21
   42  240  16  17    74  -949  21
   42  241  16  18   116  -949  21
   42  242  16  19   158  -949  21
   42  243  16  20   200  -949  21
   42  244  16  21   242  -949  21
   42  245  17   1  -619  -907  23
   42  246  17   2  -577  -907  23
   42  247  17   3  -535  -907  23
   42  248  17   4  -493  -907  23
   42  249  17   5  -451  -907  23
   42  250  17   6  -409  -907  23
   42  251  17   7  -367  -907  23
   42  252  17   8  -325  -907  23
   42  253  17   9  -283  -907  23
   42  254  17  10  -241  -907  23
   42  255  17  11  -199  -907  23
   42  256  17  12  -157  -907  23
   42  257  17  13  -115  -907  23
   42  258  17  14   -73  -907  23
   42  259  17  15   -31  -907  23
   42  260  17  16    11  -907  23
   42  261  17  17    53  -907  23
   42  262  17  18    95  -907  23
   42  263  17  19   137  -907  23
   42  264  17  20   179  -907  23
   42  265  17  21   221  -907  23
   42  266  17  22   263  -907  23
   42  267  17  23   305  -907  23
   42  268  18   1  -598  -865  23
   42  269  18   2  -556  -865  23
   42  270  18   3  -514  -865  23
   42  271  18   4  -472  -865  23
   42  272  18   5  -430  -865  23
   42  273  18   6  -388  -865  23
   42  274  18   7  -346  -865  23
   42  275  18   8  -304  -865  23
   42  276  18   9  -262  -865  23
   42  277  18  10  -220  -865  23
   42  278  18  11  -178  -865  23
   42  279  18  12  -136  -865  23
   42  280  18  13   -94  -865  23
   42  281  18  14   -52  -865  23
   42  282  18  15   -10  -865  23
   42  283  18  16    32  -865  23
   42  284  18  17    74  -865  23
   42  285  18  18   116  -865  23
   42  286  18  19   158  -865  23
   42  287  18  20   200  -865  23
   42  288  18  21   242  -865  23
   42  289  18  22   284  -865  23
   42  290  18  23   326  -865  23
   42  291  19   1  -619  -823  23
   42  292  19   2  -577  -823  23
   42  293  19   3  -535  -823  23
   42  294  19   4  -493  -823  23
   42  295  19   5  -451  -823  23
   42  296  19   6  -409  -823  23
   42  297  19   7  -367  -823  23
   42  298  19   8  -325  -823  23
   42  299  19   9  -283  -823  23
   42  300  19  10  -241  -823  23
   42  301  19  11  -199  -823  23
   42  302  19  12  -157  -823  23
   42  303  19  13  -115  -823  23
   42  304  19  14   -73  -823  23
   42  305  19  15   -31  -823  23
   42  306  19  16    11  -823  23
   42  307  19  17    53  -823  23
   42  308  19  18    95  -823  23
   42  309  19  19   137  -823  23
   42  310  19  20   179  -823  23
   42  311  19  21   221  -823  23
   42  312  19  22   263  -823  23
   42  313  19  23   305  -823  23
   42  314  20   1  -598  -781  23
   42  315  20   2  -556  -781  23
   42  316  20   3  -514  -781  23
   42  317  20   4  -472  -781  23
   42  318  20   5  -430  -781  23
   42  319  20   6  -388  -781  23
   42  320  20   7  -346  -781  23
   42  321  20   8  -304  -781  23
   42  322  20   9  -262  -781  23
   42  323  20  10  -220  -781  23
   42  324  20  11  -178  -781  23
   42  325  20  12  -136  -781  23
   42  326  20  13   -94  -781  23
   42  327  20  14   -52  -781  23
   42  328  20  15   -10  -781  23
   42  329  20  16    32  -781  23
   42  330  20  17    74  -781  23
   42  331  20  18   116  -781  23
   42  332  20  19   158  -781  23
   42  333  20  20   200  -781  23
   42  334  20  21   242  -781  23
   42  335  20  22   284  -781  23
   42  336  20  23   326  -781  23
   42  337  21   1  -619  -739  27
   42  338  21   2  -577  -739  27
   42  339  21   3  -535  -739  27
   42  340  21   4  -493  -739  27
   42  341  21   5  -451  -739  27
   42  342  21   6  -409  -739  27
   42  343  21   7  -367  -739  27
   42  344  21   8  -325  -739  27
   42  345  21   9  -283  -739  27
   42  346  21  10  -241  -739  27
   42  347  21  11  -199  -739  27
   42  348  21  12  -157  -739  27
   42  349  21  13  -115  -739  27
   42  350  21  14   -73  -739  27
   42  351  21  15   -31  -739  27
   42  352  21  16    11  -739  27
   42  353  21  17    53  -739  27
   42  354  21  18    95  -739  27
   42  355  21  19   137  -739  27
   42  356  21  20   179  -739  27
   42  357  21  21   221  -739  27
   42  358  21  22   263  -739  27
   42  359  21  23   305  -739  27
   42  360  21  24   347  -739  27
   42  361  21  25   389  -739  27
   42  362  21  26   431  -739  27
   42  363  21  27   473  -739  27
   42  364  22   1  -598  -697  27
   42  365  22   2  -556  -697  27
   42  366  22   3  -514  -697  27
   42  367  22   4  -472  -697  27
   42  368  22   5  -430  -697  27
   42  369  22   6  -388  -697  27
   42  370  22   7  -346  -697  27
   42  371  22   8  -304  -697  27
   42  372  22   9  -262  -697  27
   42  373  22  10  -220  -697  27
   42  374  22  11  -178  -697  27
   42  375  22  12  -136  -697  27
   42  376  22  13   -94  -697  27
   42  377  22  14   -52  -697  27
   42  378  22  15   -10  -697  27
   42  379  22  16    32  -697  27
   42  380  22  17    74  -697  27
   42  381  22  18   116  -697  27
   42  382  22  19   158  -697  27
   42  383  22  20   200  -697  27
   42  384  22  21   242  -697  27
   42  385  22  22   284  -697  27
   42  386  22  23   326  -697  27
   42  387  22  24   368  -697  27
   42  388  22  25   410  -697  27
   42  389  22  26   452  -697  27
   42  390  22  27   494  -697  27
   42  391  23   1  -619  -655  27
   42  392  23   2  -577  -655  27
   42  393  23   3  -535  -655  27
   42  394  23   4  -493  -655  27
   42  395  23   5  -451  -655  27
   42  396  23   6  -409  -655  27
   42  397  23   7  -367  -655  27
   42  398  23   8  -325  -655  27
   42  399  23   9  -283  -655  27
   42  400  23  10  -241  -655  27
   42  401  23  11  -199  -655  27
   42  402  23  12  -157  -655  27
   42  403  23  13  -115  -655  27
   42  404  23  14   -73  -655  27
   42  405  23  15   -31  -655  27
   42  406  23  16    11  -655  27
   42  407  23  17    53  -655  27
   42  408  23  18    95  -655  27
   42  409  23  19   137  -655  27
   42  410  23  20   179  -655  27
   42  411  23  21   221  -655  27
   42  412  23  22   263  -655  27
   42  413  23  23   305  -655  27
   42  414  23  24   347  -655  27
   42  415  23  25   389  -655  27
   42  416  23  26   431  -655  27
   42  417  23  27   473  -655  27
   42  418  24   1  -598  -613  27
   42  419  24   2  -556  -613  27
   42  420  24   3  -514  -613  27
   42  421  24   4  -472  -613  27
   42  422  24   5  -430  -613  27
   42  423  24   6  -388  -613  27
   42  424  24   7  -346  -613  27
   42  425  24   8  -304  -613  27
   42  426  24   9  -262  -613  27
   42  427  24  10  -220  -613  27
   42  428  24  11  -178  -613  27
   42  429  24  12  -136  -613  27
   42  430  24  13   -94  -613  27
   42  431  24  14   -52  -613  27
   42  432  24  15   -10  -613  27
   42  433  24  16    32  -613  27
   42  434  24  17    74  -613  27
   42  435  24  18   116  -613  27
   42  436  24  19   158  -613  27
   42  437  24  20   200  -613  27
   42  438  24  21   242  -613  27
   42  439  24  22   284  -613  27
   42  440  24  23   326  -613  27
   42  441  24  24   368  -613  27
   42  442  24  25   410  -613  27
   42  443  24  26   452  -613  27
   42  444  24  27   494  -613  27
   42  445  25   1  -619  -571  27
   42  446  25   2  -577  -571  27
   42  447  25   3  -535  -571  27
   42  448  25   4  -493  -571  27
   42  449  25   5  -451  -571  27
   42  450  25   6  -409  -571  27
   42  451  25   7  -367  -571  27
   42  452  25   8  -325  -571  27
   42  453  25   9  -283  -571  27
   42  454  25  10  -241  -571  27
   42  455  25  11  -199  -571  27
   42  456  25  12  -157  -571  27
   42  457  25  13  -115  -571  27
   42  458  25  14   -73  -571  27
   42  459  25  15   -31  -571  27
   42  460  25  16    11  -571  27
   42  461  25  17    53  -571  27
   42  462  25  18    95  -571  27
   42  463  25  19   137  -571  27
   42  464  25  20   179  -571  27
   42  465  25  21   221  -571  27
   42  466  25  22   263  -571  27
   42  467  25  23   305  -571  27
   42  468  25  24   347  -571  27
   42  469  25  25   389  -571  27
   42  470  25  26   431  -571  27
   42  471  25  27   473  -571  27
   42  472  26   1  -598  -529  27
   42  473  26   2  -556  -529  27
   42  474  26   3  -514  -529  27
   42  475  26   4  -472  -529  27
   42  476  26   5  -430  -529  27
   42  477  26   6  -388  -529  27
   42  478  26   7  -346  -529  27
   42  479  26   8  -304  -529  27
   42  480  26   9  -262  -529  27
   42  481  26  10  -220  -529  27
   42  482  26  11  -178  -529  27
   42  483  26  12  -136  -529  27
   42  484  26  13   -94  -529  27
   42  485  26  14   -52  -529  27
   42  486  26  15   -10  -529  27
   42  487  26  16    32  -529  27
   42  488  26  17    74  -529  27
   42  489  26  18   116  -529  27
   42  490  26  19   158  -529  27
   42  491  26  20   200  -529  27
   42  492  26  21   242  -529  27
   42  493  26  22   284  -529  27
   42  494  26  23   326  -529  27
   42  495  26  24   368  -529  27
   42  496  26  25   410  -529  27
   42  497  26  26   452  -529  27
   42  498  26  27   494  -529  27
   42  499  27   1  -619  -487  27
   42  500  27   2  -577  -487  27
   42  501  27   3  -535  -487  27
   42  502  27   4  -493  -487  27
   42  503  27   5  -451  -487  27
   42  504  27   6  -409  -487  27
   42  505  27   7  -367  -487  27
   42  506  27   8  -325  -487  27
   42  507  27   9  -283  -487  27
   42  508  27  10  -241  -487  27
   42  509  27  11  -199  -487  27
   42  510  27  12  -157  -487  27
   42  511  27  13  -115  -487  27
   42  512  27  14   -73  -487  27
   42  513  27  15   -31  -487  27
   42  514  27  16    11  -487  27
   42  515  27  17    53  -487  27
   42  516  27  18    95  -487  27
   42  517  27  19   137  -487  27
   42  518  27  20   179  -487  27
   42  519  27  21   221  -487  27
   42  520  27  22   263  -487  27
   42  521  27  23   305  -487  27
   42  522  27  24   347  -487  27
   42  523  27  25   389  -487  27
   42  524  27  26   431  -487  27
   42  525  27  27   473  -487  27
   42  526  28   1  -598  -445  27
   42  527  28   2  -556  -445  27
   42  528  28   3  -514  -445  27
   42  529  28   4  -472  -445  27
   42  530  28   5  -430  -445  27
   42  531  28   6  -388  -445  27
   42  532  28   7  -346  -445  27
   42  533  28   8  -304  -445  27
   42  534  28   9  -262  -445  27
   42  535  28  10  -220  -445  27
   42  536  28  11  -178  -445  27
   42  537  28  12  -136  -445  27
   42  538  28  13   -94  -445  27
   42  539  28  14   -52  -445  27
   42  540  28  15   -10  -445  27
   42  541  28  16    32  -445  27
   42  542  28  17    74  -445  27
   42  543  28  18   116  -445  27
   42  544  28  19   158  -445  27
   42  545  28  20   200  -445  27
   42  546  28  21   242  -445  27
   42  547  28  22   284  -445  27
   42  548  28  23   326  -445  27
   42  549  28  24   368  -445  27
   42  550  28  25   410  -445  27
   42  551  28  26   452  -445  27
   42  552  28  27   494  -445  27
   42  553  29   1  -539  -403  27
   42  554  29   2  -497  -403  27
   42  555  29   3  -455  -403  27
   42  556  29   4  -413  -403  27
   42  557  29   5  -371  -403  27
   42  558  29   6  -329  -403  27
   42  559  29   7  -287  -403  27
   42  560  29   8  -245  -403  27
   42  561  29   9  -203  -403  27
   42  562  29  10  -161  -403  27
   42  563  29  11  -119  -403  27
   42  564  29  12   -77  -403  27
   42  565  29  13   -35  -403  27
   42  566  29  14     7  -403  27
   42  567  29  15    49  -403  27
   42  568  29  16    91  -403  27
   42  569  29  17   133  -403  27
   42  570  29  18   175  -403  27
   42  571  29  19   217  -403  27
   42  572  29  20   259  -403  27
   42  573  29  21   301  -403  27
   42  574  29  22   343  -403  27
   42  575  29  23   385  -403  27
   42  576  29  24   427  -403  27
   42  577  29  25   469  -403  27
   42  578  29  26   511  -403  27
   42  579  29  27   553  -403  27
   42  580  30   1  -518  -361  27
   42  581  30   2  -476  -361  27
   42  582  30   3  -434  -361  27
   42  583  30   4  -392  -361  27
   42  584  30   5  -350  -361  27
   42  585  30   6  -308  -361  27
   42  586  30   7  -266  -361  27
   42  587  30   8  -224  -361  27
   42  588  30   9  -182  -361  27
   42  589  30  10  -140  -361  27
   42  590  30  11   -98  -361  27
   42  591  30  12   -56  -361  27
   42  592  30  13   -14  -361  27
   42  593  30  14    28  -361  27
   42  594  30  15    70  -361  27
   42  595  30  16   112  -361  27
   42  596  30  17   154  -361  27
   42  597  30  18   196  -361  27
   42  598  30  19   238  -361  27
   42  599  30  20   280  -361  27
   42  600  30  21   322  -361  27
   42  601  30  22   364  -361  27
   42  602  30  23   406  -361  27
   42  603  30  24   448  -361  27
   42  604  30  25   490  -361  27
   42  605  30  26   532  -361  27
   42  606  30  27   574  -361  27
   42  607  31   1  -539  -319  27
   42  608  31   2  -497  -319  27
   42  609  31   3  -455  -319  27
   42  610  31   4  -413  -319  27
   42  611  31   5  -371  -319  27
   42  612  31   6  -329  -319  27
   42  613  31   7  -287  -319  27
   42  614  31   8  -245  -319  27
   42  615  31   9  -203  -319  27
   42  616  31  10  -161  -319  27
   42  617  31  11  -119  -319  27
   42  618  31  12   -77  -319  27
   42  619  31  13   -35  -319  27
   42  620  31  14     7  -319  27
   42  621  31  15    49  -319  27
   42  622  31  16    91  -319  27
   42  623  31  17   133  -319  27
   42  624  31  18   175  -319  27
   42  625  31  19   217  -319  27
   42  626  31  20   259  -319  27
   42  627  31  21   301  -319  27
   42  628  31  22   343  -319  27
   42  629  31  23   385  -319  27
   42  630  31  24   427  -319  27
   42  631  31  25   469  -319  27
   42  632  31  26   511  -319  27
   42  633  31  27   553  -319  27
   42  634  32   1  -518  -277  27
   42  635  32   2  -476  -277  27
   42  636  32   3  -434  -277  27
   42  637  32   4  -392  -277  27
   42  638  32   5  -350  -277  27
   42  639  32   6  -308  -277  27
   42  640  32   7  -266  -277  27
   42  641  32   8  -224  -277  27
   42  642  32   9  -182  -277  27
   42  643  32  10  -140  -277  27
   42  644  32  11   -98  -277  27
   42  645  32  12   -56  -277  27
   42  646  32  13   -14  -277  27
   42  647  32  14    28  -277  27
   42  648  32  15    70  -277  27
   42  649  32  16   112  -277  27
   42  650  32  17   154  -277  27
   42  651  32  18   196  -277  27
   42  652  32  19   238  -277  27
   42  653  32  20   280  -277  27
   42  654  32  21   322  -277  27
   42  655  32  22   364  -277  27
   42  656  32  23   406  -277  27
   42  657  32  24   448  -277  27
   42  658  32  25   490  -277  27
   42  659  32  26   532  -277  27
   42  660  32  27   574  -277  27
   42  661  33   1  -459  -235  25
   42  662  33   2  -417  -235  25
   42  663  33   3  -375  -235  25
   42  664  33   4  -333  -235  25
   42  665  33   5  -291  -235  25
   42  666  33   6  -249  -235  25
   42  667  33   7  -207  -235  25
   42  668  33   8  -165  -235  25
   42  669  33   9  -123  -235  25
   42  670  33  10   -81  -235  25
   42  671  33  11   -39  -235  25
   42  672  33  12     3  -235  25
   42  673  33  13    45  -235  25
   42  674  33  14    87  -235  25
   42  675  33  15   129  -235  25
   42  676  33  16   171  -235  25
   42  677  33  17   213  -235  25
   42  678  33  18   255  -235  25
   42  679  33  19   297  -235  25
   42  680  33  20   339  -235  25
   42  681  33  21   381  -235  25
   42  682  33  22   423  -235  25
   42  683  33  23   465  -235  25
   42  684  33  24   507  -235  25
   42  685  33  25   549  -235  25
   42  686  34   1  -438  -193  25
   42  687  34   2  -396  -193  25
   42  688  34   3  -354  -193  25
   42  689  34   4  -312  -193  25
   42  690  34   5  -270  -193  25
   42  691  34   6  -228  -193  25
   42  692  34   7  -186  -193  25
   42  693  34   8  -144  -193  25
   42  694  34   9  -102  -193  25
   42  695  34  10   -60  -193  25
   42  696  34  11   -18  -193  25
   42  697  34  12    24  -193  25
   42  698  34  13    66  -193  25
   42  699  34  14   108  -193  25
   42  700  34  15   150  -193  25
   42  701  34  16   192  -193  25
   42  702  34  17   234  -193  25
   42  703  34  18   276  -193  25
   42  704  34  19   318  -193  25
   42  705  34  20   360  -193  25
   42  706  34  21   402  -193  25
   42  707  34  22   444  -193  25
   42  708  34  23   486  -193  25
   42  709  34  24   528  -193  25
   42  710  34  25   570  -193  25
   42  711  35   1  -459  -151  25
   42  712  35   2  -417  -151  25
   42  713  35   3  -375  -151  25
   42  714  35   4  -333  -151  25
   42  715  35   5  -291  -151  25
   42  716  35   6  -249  -151  25
   42  717  35   7  -207  -151  25
   42  718  35   8  -165  -151  25
   42  719  35   9  -123  -151  25
   42  720  35  10   -81  -151  25
   42  721  35  11   -39  -151  25
   42  722  35  12     3  -151  25
   42  723  35  13    45  -151  25
   42  724  35  14    87  -151  25
   42  725  35  15   129  -151  25
   42  726  35  16   171  -151  25
   42  727  35  17   213  -151  25
   42  728  35  18   255  -151  25
   42  729  35  19   297  -151  25
   42  730  35  20   339  -151  25
   42  731  35  21   381  -151  25
   42  732  35  22   423  -151  25
   42  733  35  23   465  -151  25
   42  734  35  24   507  -151  25
   42  735  35  25   549  -151  25
   42  736  36   1  -438  -109  25
   42  737  36   2  -396  -109  25
   42  738  36   3  -354  -109  25
   42  739  36   4  -312  -109  25
   42  740  36   5  -270  -109  25
   42  741  36   6  -228  -109  25
   42  742  36   7  -186  -109  25
   42  743  36   8  -144  -109  25
   42  744  36   9  -102  -109  25
   42  745  36  10   -60  -109  25
   42  746  36  11   -18  -109  25
   42  747  36  12    24  -109  25
   42  748  36  13    66  -109  25
   42  749  36  14   108  -109  25
   42  750  36  15   150  -109  25
   42  751  36  16   192  -109  25
   42  752  36  17   234  -109  25
   42  753  36  18   276  -109  25
   42  754  36  19   318  -109  25
   42  755  36  20   360  -109  25
   42  756  36  21   402  -109  25
   42  757  36  22   444  -109  25
   42  758  36  23   486  -109  25
   42  759  36  24   528  -109  25
   42  760  36  25   570  -109  25
   42  761  37   1  -459   -67  25
   42  762  37   2  -417   -67  25
   42  763  37   3  -375   -67  25
   42  764  37   4  -333   -67  25
   42  765  37   5  -291   -67  25
   42  766  37   6  -249   -67  25
   42  767  37   7  -207   -67  25
   42  768  37   8  -165   -67  25
   42  769  37   9  -123   -67  25
   42  770  37  10   -81   -67  25
   42  771  37  11   -39   -67  25
   42  772  37  12     3   -67  25
   42  773  37  13    45   -67  25
   42  774  37  14    87   -67  25
   42  775  37  15   129   -67  25
   42  776  37  16   171   -67  25
   42  777  37  17   213   -67  25
   42  778  37  18   255   -67  25
   42  779  37  19   297   -67  25
   42  780  37  20   339   -67  25
   42  781  37  21   381   -67  25
   42  782  37  22   423   -67  25
   42  783  37  23   465   -67  25
   42  784  37  24   507   -67  25
   42  785  37  25   549   -67  25
   42  786  38   1  -438   -25  25
   42  787  38   2  -396   -25  25
   42  788  38   3  -354   -25  25
   42  789  38   4  -312   -25  25
   42  790  38   5  -270   -25  25
   42  791  38   6  -228   -25  25
   42  792  38   7  -186   -25  25
   42  793  38   8  -144   -25  25
   42  794  38   9  -102   -25  25
   42  795  38  10   -60   -25  25
   42  796  38  11   -18   -25  25
   42  797  38  12    24   -25  25
   42  798  38  13    66   -25  25
   42  799  38  14   108   -25  25
   42  800  38  15   150   -25  25
   42  801  38  16   192   -25  25
   42  802  38  17   234   -25  25
   42  803  38  18   276   -25  25
   42  804  38  19   318   -25  25
   42  805  38  20   360   -25  25
   42  806  38  21   402   -25  25
   42  807  38  22   444   -25  25
   42  808  38  23   486   -25  25
   42  809  38  24   528   -25  25
   42  810  38  25   570   -25  25
   42  811  39   1  -459    17  25
   42  812  39   2  -417    17  25
   42  813  39   3  -375    17  25
   42  814  39   4  -333    17  25
   42  815  39   5  -291    17  25
   42  816  39   6  -249    17  25
   42  817  39   7  -207    17  25
   42  818  39   8  -165    17  25
   42  819  39   9  -123    17  25
   42  820  39  10   -81    17  25
   42  821  39  11   -39    17  25
   42  822  39  12     3    17  25
   42  823  39  13    45    17  25
   42  824  39  14    87    17  25
   42  825  39  15   129    17  25
   42  826  39  16   171    17  25
   42  827  39  17   213    17  25
   42  828  39  18   255    17  25
   42  829  39  19   297    17  25
   42  830  39  20   339    17  25
   42  831  39  21   381    17  25
   42  832  39  22   423    17  25
   42  833  39  23   465    17  25
   42  834  39  24   507    17  25
   42  835  39  25   549    17  25
   42  836  40   1  -438    59  25
   42  837  40   2  -396    59  25
   42  838  40   3  -354    59  25
   42  839  40   4  -312    59  25
   42  840  40   5  -270    59  25
   42  841  40   6  -228    59  25
   42  842  40   7  -186    59  25
   42  843  40   8  -144    59  25
   42  844  40   9  -102    59  25
   42  845  40  10   -60    59  25
   42  846  40  11   -18    59  25
   42  847  40  12    24    59  25
   42  848  40  13    66    59  25
   42  849  40  14   108    59  25
   42  850  40  15   150    59  25
   42  851  40  16   192    59  25
   42  852  40  17   234    59  25
   42  853  40  18   276    59  25
   42  854  40  19   318    59  25
   42  855  40  20   360    59  25
   42  856  40  21   402    59  25
   42  857  40  22   444    59  25
   42  858  40  23   486    59  25
   42  859  40  24   528    59  25
   42  860  40  25   570    59  25
   42  861  41   1  -459   101  25
   42  862  41   2  -417   101  25
   42  863  41   3  -375   101  25
   42  864  41   4  -333   101  25
   42  865  41   5  -291   101  25
   42  866  41   6  -249   101  25
   42  867  41   7  -207   101  25
   42  868  41   8  -165   101  25
   42  869  41   9  -123   101  25
   42  870  41  10   -81   101  25
   42  871  41  11   -39   101  25
   42  872  41  12     3   101  25
   42  873  41  13    45   101  25
   42  874  41  14    87   101  25
   42  875  41  15   129   101  25
   42  876  41  16   171   101  25
   42  877  41  17   213   101  25
   42  878  41  18   255   101  25
   42  879  41  19   297   101  25
   42  880  41  20   339   101  25
   42  881  41  21   381   101  25
   42  882  41  22   423   101  25
   42  883  41  23   465   101  25
   42  884  41  24   507   101  25
   42  885  41  25   549   101  25
   42  886  42   1  -438   143  25
   42  887  42   2  -396   143  25
   42  888  42   3  -354   143  25
   42  889  42   4  -312   143  25
   42  890  42   5  -270   143  25
   42  891  42   6  -228   143  25
   42  892  42   7  -186   143  25
   42  893  42   8  -144   143  25
   42  894  42   9  -102   143  25
   42  895  42  10   -60   143  25
   42  896  42  11   -18   143  25
   42  897  42  12    24   143  25
   42  898  42  13    66   143  25
   42  899  42  14   108   143  25
   42  900  42  15   150   143  25
   42  901  42  16   192   143  25
   42  902  42  17   234   143  25
   42  903  42  18   276   143  25
   42  904  42  19   318   143  25
   42  905  42  20   360   143  25
   42  906  42  21   402   143  25
   42  907  42  22   444   143  25
   42  908  42  23   486   143  25
   42  909  42  24   528   143  25
   42  910  42  25   570   143  25
   42  911  43   1  -459   185  25
   42  912  43   2  -417   185  25
   42  913  43   3  -375   185  25
   42  914  43   4  -333   185  25
   42  915  43   5  -291   185  25
   42  916  43   6  -249   185  25
   42  917  43   7  -207   185  25
   42  918  43   8  -165   185  25
   42  919  43   9  -123   185  25
   42  920  43  10   -81   185  25
   42  921  43  11   -39   185  25
   42  922  43  12     3   185  25
   42  923  43  13    45   185  25
   42  924  43  14    87   185  25
   42  925  43  15   129   185  25
   42  926  43  16   171   185  25
   42  927  43  17   213   185  25
   42  928  43  18   255   185  25
   42  929  43  19   297   185  25
   42  930  43  20   339   185  25
   42  931  43  21   381   185  25
   42  932  43  22   423   185  25
   42  933  43  23   465   185  25
   42  934  43  24   507   185  25
   42  935  43  25   549   185  25
   42  936  44   1  -438   227  25
   42  937  44   2  -396   227  25
   42  938  44   3  -354   227  25
   42  939  44   4  -312   227  25
   42  940  44   5  -270   227  25
   42  941  44   6  -228   227  25
   42  942  44   7  -186   227  25
   42  943  44   8  -144   227  25
   42  944  44   9  -102   227  25
   42  945  44  10   -60   227  25
   42  946  44  11   -18   227  25
   42  947  44  12    24   227  25
   42  948  44  13    66   227  25
   42  949  44  14   108   227  25
   42  950  44  15   150   227  25
   42  951  44  16   192   227  25
   42  952  44  17   234   227  25
   42  953  44  18   276   227  25
   42  954  44  19   318   227  25
   42  955  44  20   360   227  25
   42  956  44  21   402   227  25
   42  957  44  22   444   227  25
   42  958  44  23   486   227  25
   42  959  44  24   528   227  25
   42  960  44  25   570   227  25
   42  961  45   1  -459   269  25
   42  962  45   2  -417   269  25
   42  963  45   3  -375   269  25
   42  964  45   4  -333   269  25
   42  965  45   5  -291   269  25
   42  966  45   6  -249   269  25
   42  967  45   7  -207   269  25
   42  968  45   8  -165   269  25
   42  969  45   9  -123   269  25
   42  970  45  10   -81   269  25
   42  971  45  11   -39   269  25
   42  972  45  12     3   269  25
   42  973  45  13    45   269  25
   42  974  45  14    87   269  25
   42  975  45  15   129   269  25
   42  976  45  16   171   269  25
   42  977  45  17   213   269  25
   42  978  45  18   255   269  25
   42  979  45  19   297   269  25
   42  980  45  20   339   269  25
   42  981  45  21   381   269  25
   42  982  45  22   423   269  25
   42  983  45  23   465   269  25
   42  984  45  24   507   269  25
   42  985  45  25   549   269  25
   40  986  46   1  -440   310  27
   40  987  46   2  -400   310  27
   40  988  46   3  -360   310  27
   40  989  46   4  -320   310  27
   40  990  46   5  -280   310  27
   40  991  46   6  -240   310  27
   40  992  46   7  -200   310  27
   40  993  46   8  -160   310  27
   40  994  46   9  -120   310  27
   40  995  46  10   -80   310  27
   40  996  46  11   -40   310  27
   40  997  46  12     0   310  27
   40  998  46  13    40   310  27
   40  999  46  14    80   310  27
   40 1000  46  15   120   310  27
   40 1001  46  16   160   310  27
   40 1002  46  17   200   310  27
   40 1003  46  18   240   310  27
   40 1004  46  19   280   310  27
   40 1005  46  20   320   310  27
   40 1006  46  21   360   310  27
   40 1007  46  22   400   310  27
   40 1008  46  23   440   310  27
   40 1009  46  24   480   310  27
   40 1010  46  25   520   310  27
   40 1011  46  26   560   310  27
   40 1012  46  27   600   310  27
   40 1013  47   1  -460   350  27
   40 1014  47   2  -420   350  27
   40 1015  47   3  -380   350  27
   40 1016  47   4  -340   350  27
   40 1017  47   5  -300   350  27
   40 1018  47   6  -260   350  27
   40 1019  47   7  -220   350  27
   40 1020  47   8  -180   350  27
   40 1021  47   9  -140   350  27
   40 1022  47  10  -100   350  27
   40 1023  47  11   -60   350  27
   40 1024  47  12   -20   350  27
   40 1025  47  13    20   350  27
   40 1026  47  14    60   350  27
   40 1027  47  15   100   350  27
   40 1028  47  16   140   350  27
   40 1029  47  17   180   350  27
   40 1030  47  18   220   350  27
   40 1031  47  19   260   350  27
   40 1032  47  20   300   350  27
   40 1033  47  21   340   350  27
   40 1034  47  22   380   350  27
   40 1035  47  23   420   350  27
   40 1036  47  24   460   350  27
   40 1037  47  25   500   350  27
   40 1038  47  26   540   350  27
   40 1039  47  27   580   350  27
   40 1040  48   1  -440   390  27
   40 1041  48   2  -400   390  27
   40 1042  48   3  -360   390  27
   40 1043  48   4  -320   390  27
   40 1044  48   5  -280   390  27
   40 1045  48   6  -240   390  27
   40 1046  48   7  -200   390  27
   40 1047  48   8  -160   390  27
   40 1048  48   9  -120   390  27
   40 1049  48  10   -80   390  27
   40 1050  48  11   -40   390  27
   40 1051  48  12     0   390  27
   40 1052  48  13    40   390  27
   40 1053  48  14    80   390  27
   40 1054  48  15   120   390  27
   40 1055  48  16   160   390  27
   40 1056  48  17   200   390  27
   40 1057  48  18   240   390  27
   40 1058  48  19   280   390  27
   40 1059  48  20   320   390  27
   40 1060  48  21   360   390  27
   40 1061  48  22   400   390  27
   40 1062  48  23   440   390  27
   40 1063  48  24   480   390  27
   40 1064  48  25   520   390  27
   40 1065  48  26   560   390  27
   40 1066  48  27   600   390  27
   40 1067  49   1  -540   430  29
   40 1068  49   2  -500   430  29
   40 1069  49   3  -460   430  29
   40 1070  49   4  -420   430  29
   40 1071  49   5  -380   430  29
   40 1072  49   6  -340   430  29
   40 1073  49   7  -300   430  29
   40 1074  49   8  -260   430  29
   40 1075  49   9  -220   430  29
   40 1076  49  10  -180   430  29
   40 1077  49  11  -140   430  29
   40 1078  49  12  -100   430  29
   40 1079  49  13   -60   430  29
   40 1080  49  14   -20   430  29
   40 1081  49  15    20   430  29
   40 1082  49  16    60   430  29
   40 1083  49  17   100   430  29
   40 1084  49  18   140   430  29
   40 1085  49  19   180   430  29
   40 1086  49  20   220   430  29
   40 1087  49  21   260   430  29
   40 1088  49  22   300   430  29
   40 1089  49  23   340   430  29
   40 1090  49  24   380   430  29
   40 1091  49  25   420   430  29
   40 1092  49  26   460   430  29
   40 1093  49  27   500   430  29
   40 1094  49  28   540   430  29
   40 1095  49  29   580   430  29
   40 1096  50   1  -520   470  29
   40 1097  50   2  -480   470  29
   40 1098  50   3  -440   470  29
   40 1099  50   4  -400   470  29
   40 1100  50   5  -360   470  29
   40 1101  50   6  -320   470  29
   40 1102  50   7  -280   470  29
   40 1103  50   8  -240   470  29
   40 1104  50   9  -200   470  29
   40 1105  50  10  -160   470  29
   40 1106  50  11  -120   470  29
   40 1107  50  12   -80   470  29
   40 1108  50  13   -40   470  29
   40 1109  50  14     0   470  29
   40 1110  50  15    40   470  29
   40 1111  50  16    80   470  29
   40 1112  50  17   120   470  29
   40 1113  50  18   160   470  29
   40 1114  50  19   200   470  29
   40 1115  50  20   240   470  29
   40 1116  50  21   280   470  29
   40 1117  50  22   320   470  29
   40 1118  50  23   360   470  29
   40 1119  50  24   400   470  29
   40 1120  50  25   440   470  29
   40 1121  50  26   480   470  29
   40 1122  50  27   520   470  29
   40 1123  50  28   560   470  29
   40 1124  50  29   600   470  29
   40 1125  51   1  -540   510  29
   40 1126  51   2  -500   510  29
   40 1127  51   3  -460   510  29
   40 1128  51   4  -420   510  29
   40 1129  51   5  -380   510  29
   40 1130  51   6  -340   510  29
   40 1131  51   7  -300   510  29
   40 1132  51   8  -260   510  29
   40 1133  51   9  -220   510  29
   40 1134  51  10  -180   510  29
   40 1135  51  11  -140   510  29
   40 1136  51  12  -100   510  29
   40 1137  51  13   -60   510  29
   40 1138  51  14   -20   510  29
   40 1139  51  15    20   510  29
   40 1140  51  16    60   510  29
   40 1141  51  17   100   510  29
   40 1142  51  18   140   510  29
   40 1143  51  19   180   510  29
   40 1144  51  20   220   510  29
   40 1145  51  21   260   510  29
   40 1146  51  22   300   510  29
   40 1147  51  23   340   510  29
   40 1148  51  24   380   510  29
   40 1149  51  25   420   510  29
   40 1150  51  26   460   510  29
   40 1151  51  27   500   510  29
   40 1152  51  28   540   510  29
   40 1153  51  29   580   510  29
   40 1154  52   1  -520   550  29
   40 1155  52   2  -480   550  29
   40 1156  52   3  -440   550  29
   40 1157  52   4  -400   550  29
   40 1158  52   5  -360   550  29
   40 1159  52   6  -320   550  29
   40 1160  52   7  -280   550  29
   40 1161  52   8  -240   550  29
   40 1162  52   9  -200   550  29
   40 1163  52  10  -160   550  29
   40 1164  52  11  -120   550  29
   40 1165  52  12   -80   550  29
   40 1166  52  13   -40   550  29
   40 1167  52  14     0   550  29
   40 1168  52  15    40   550  29
   40 1169  52  16    80   550  29
   40 1170  52  17   120   550  29
   40 1171  52  18   160   550  29
   40 1172  52  19   200   550  29
   40 1173  52  20   240   550  29
   40 1174  52  21   280   550  29
   40 1175  52  22   320   550  29
   40 1176  52  23   360   550  29
   40 1177  52  24   400   550  29
   40 1178  52  25   440   550  29
   40 1179  52  26   480   550  29
   40 1180  52  27   520   550  29
   40 1181  52  28   560   550  29
   40 1182  52  29   600   550  29
   40 1183  53   1  -620   590  29
   40 1184  53   2  -580   590  29
   40 1185  53   3  -540   590  29
   40 1186  53   4  -500   590  29
   40 1187  53   5  -460   590  29
   40 1188  53   6  -420   590  29
   40 1189  53   7  -380   590  29
   40 1190  53   8  -340   590  29
   40 1191  53   9  -300   590  29
   40 1192  53  10  -260   590  29
   40 1193  53  11  -220   590  29
   40 1194  53  12  -180   590  29
   40 1195  53  13  -140   590  29
   40 1196  53  14  -100   590  29
   40 1197  53  15   -60   590  29
   40 1198  53  16   -20   590  29
   40 1199  53  17    20   590  29
   40 1200  53  18    60   590  29
   40 1201  53  19   100   590  29
   40 1202  53  20   140   590  29
   40 1203  53  21   180   590  29
   40 1204  53  22   220   590  29
   40 1205  53  23   260   590  29
   40 1206  53  24   300   590  29
   40 1207  53  25   340   590  29
   40 1208  53  26   380   590  29
   40 1209  53  27   420   590  29
   40 1210  53  28   460   590  29
   40 1211  53  29   500   590  29
   40 1212  54   1  -600   630  29
   40 1213  54   2  -560   630  29
   40 1214  54   3  -520   630  29
   40 1215  54   4  -480   630  29
   40 1216  54   5  -440   630  29
   40 1217  54   6  -400   630  29
   40 1218  54   7  -360   630  29
   40 1219  54   8  -320   630  29
   40 1220  54   9  -280   630  29
   40 1221  54  10  -240   630  29
   40 1222  54  11  -200   630  29
   40 1223  54  12  -160   630  29
   40 1224  54  13  -120   630  29
   40 1225  54  14   -80   630  29
   40 1226  54  15   -40   630  29
   40 1227  54  16     0   630  29
   40 1228  54  17    40   630  29
   40 1229  54  18    80   630  29
   40 1230  54  19   120   630  29
   40 1231  54  20   160   630  29
   40 1232  54  21   200   630  29
   40 1233  54  22   240   630  29
   40 1234  54  23   280   630  29
   40 1235  54  24   320   630  29
   40 1236  54  25   360   630  29
   40 1237  54  26   400   630  29
   40 1238  54  27   440   630  29
   40 1239  54  28   480   630  29
   40 1240  54  29   520   630  29
   40 1241  55   1  -620   670  29
   40 1242  55   2  -580   670  29
   40 1243  55   3  -540   670  29
   40 1244  55   4  -500   670  29
   40 1245  55   5  -460   670  29
   40 1246  55   6  -420   670  29
   40 1247  55   7  -380   670  29
   40 1248  55   8  -340   670  29
   40 1249  55   9  -300   670  29
   40 1250  55  10  -260   670  29
   40 1251  55  11  -220   670  29
   40 1252  55  12  -180   670  29
   40 1253  55  13  -140   670  29
   40 1254  55  14  -100   670  29
   40 1255  55  15   -60   670  29
   40 1256  55  16   -20   670  29
   40 1257  55  17    20   670  29
   40 1258  55  18    60   670  29
   40 1259  55  19   100   670  29
   40 1260  55  20   140   670  29
   40 1261  55  21   180   670  29
   40 1262  55  22   220   670  29
   40 1263  55  23   260   670  29
   40 1264  55  24   300   670  29
   40 1265  55  25   340   670  29
   40 1266  55  26   380   670  29
   40 1267  55  27   420   670  29
   40 1268  55  28   460   670  29
   40 1269  55  29   500   670  29
   40 1270  56   1  -600   710  29
   40 1271  56   2  -560   710  29
   40 1272  56   3  -520   710  29
   40 1273  56   4  -480   710  29
   40 1274  56   5  -440   710  29
   40 1275  56   6  -400   710  29
   40 1276  56   7  -360   710  29
   40 1277  56   8  -320   710  29
   40 1278  56   9  -280   710  29
   40 1279  56  10  -240   710  29
   40 1280  56  11  -200   710  29
   40 1281  56  12  -160   710  29
   40 1282  56  13  -120   710  29
   40 1283  56  14   -80   710  29
   40 1284  56  15   -40   710  29
   40 1285  56  16     0   710  29
   40 1286  56  17    40   710  29
   40 1287  56  18    80   710  29
   40 1288  56  19   120   710  29
   40 1289  56  20   160   710  29
   40 1290  56  21   200   710  29
   40 1291  56  22   240   710  29
   40 1292  56  23   280   710  29
   40 1293  56  24   320   710  29
   40 1294  56  25   360   710  29
   40 1295  56  26   400   710  29
   40 1296  56  27   440   710  29
   40 1297  56  28   480   710  29
   40 1298  56  29   520   710  29
   40 1299  57   1  -620   750  29
   40 1300  57   2  -580   750  29
   40 1301  57   3  -540   750  29
   40 1302  57   4  -500   750  29
   40 1303  57   5  -460   750  29
   40 1304  57   6  -420   750  29
   40 1305  57   7  -380   750  29
   40 1306  57   8  -340   750  29
   40 1307  57   9  -300   750  29
   40 1308  57  10  -260   750  29
   40 1309  57  11  -220   750  29
   40 1310  57  12  -180   750  29
   40 1311  57  13  -140   750  29
   40 1312  57  14  -100   750  29
   40 1313  57  15   -60   750  29
   40 1314  57  16   -20   750  29
   40 1315  57  17    20   750  29
   40 1316  57  18    60   750  29
   40 1317  57  19   100   750  29
   40 1318  57  20   140   750  29
   40 1319  57  21   180   750  29
   40 1320  57  22   220   750  29
   40 1321  57  23   260   750  29
   40 1322  57  24   300   750  29
   40 1323  57  25   340   750  29
   40 1324  57  26   380   750  29
   40 1325  57  27   420   750  29
   40 1326  57  28   460   750  29
   40 1327  57  29   500   750  29
   40 1328  58   1  -600   790  29
   40 1329  58   2  -560   790  29
   40 1330  58   3  -520   790  29
   40 1331  58   4  -480   790  29
   40 1332  58   5  -440   790  29
   40 1333  58   6  -400   790  29
   40 1334  58   7  -360   790  29
   40 1335  58   8  -320   790  29
   40 1336  58   9  -280   790  29
   40 1337  58  10  -240   790  29
   40 1338  58  11  -200   790  29
   40 1339  58  12  -160   790  29
   40 1340  58  13  -120   790  29
   40 1341  58  14   -80   790  29
   40 1342  58  15   -40   790  29
   40 1343  58  16     0   790  29
   40 1344  58  17    40   790  29
   40 1345  58  18    80   790  29
   40 1346  58  19   120   790  29
   40 1347  58  20   160   790  29
   40 1348  58  21   200   790  29
   40 1349  58  22   240   790  29
   40 1350  58  23   280   790  29
   40 1351  58  24   320   790  29
   40 1352  58  25   360   790  29
   40 1353  58  26   400   790  29
   40 1354  58  27   440   790  29
   40 1355  58  28   480   790  29
   40 1356  58  29   520   790  29
   40 1357  59   1  -620   830  29
   40 1358  59   2  -580   830  29
   40 1359  59   3  -540   830  29
   40 1360  59   4  -500   830  29
   40 1361  59   5  -460   830  29
   40 1362  59   6  -420   830  29
   40 1363  59   7  -380   830  29
   40 1364  59   8  -340   830  29
   40 1365  59   9  -300   830  29
   40 1366  59  10  -260   830  29
   40 1367  59  11  -220   830  29
   40 1368  59  12  -180   830  29
   40 1369  59  13  -140   830  29
   40 1370  59  14  -100   830  29
   40 1371  59  15   -60   830  29
   40 1372  59  16   -20   830  29
   40 1373  59  17    20   830  29
   40 1374  59  18    60   830  29
   40 1375  59  19   100   830  29
   40 1376  59  20   140   830  29
   40 1377  59  21   180   830  29
   40 1378  59  22   220   830  29
   40 1379  59  23   260   830  29
   40 1380  59  24   300   830  29
   40 1381  59  25   340   830  29
   40 1382  59  26   380   830  29
   40 1383  59  27   420   830  29
   40 1384  59  28   460   830  29
   40 1385  59  29   500   830  29
   40 1386  60   1  -600   870  29
   40 1387  60   2  -560   870  29
   40 1388  60   3  -520   870  29
   40 1389  60   4  -480   870  29
   40 1390  60   5  -440   870  29
   40 1391  60   6  -400   870  29
   40 1392  60   7  -360   870  29
   40 1393  60   8  -320   870  29
   40 1394  60   9  -280   870  29
   40 1395  60  10  -240   870  29
   40 1396  60  11  -200   870  29
   40 1397  60  12  -160   870  29
   40 1398  60  13  -120   870  29
   40 1399  60  14   -80   870  29
   40 1400  60  15   -40   870  29
   40 1401  60  16     0   870  29
   40 1402  60  17    40   870  29
   40 1403  60  18    80   870  29
   40 1404  60  19   120   870  29
   40 1405  60  20   160   870  29
   40 1406  60  21   200   870  29
   40 1407  60  22   240   870  29
   40 1408  60  23   280   870  29
   40 1409  60  24   320   870  29
   40 1410  60  25   360   870  29
   40 1411  60  26   400   870  29
   40 1412  60  27   440   870  29
   40 1413  60  28   480   870  29
   40 1414  60  29   520   870  29
   40 1415  61   1  -620   910  25
   40 1416  61   2  -580   910  25
   40 1417  61   3  -540   910  25
   40 1418  61   4  -500   910  25
   40 1419  61   5  -460   910  25
   40 1420  61   6  -420   910  25
   40 1421  61   7  -380   910  25
   40 1422  61   8  -340   910  25
   40 1423  61   9  -300   910  25
   40 1424  61  10  -260   910  25
   40 1425  61  11  -220   910  25
   40 1426  61  12  -180   910  25
   40 1427  61  13  -140   910  25
   40 1428  61  14  -100   910  25
   40 1429  61  15   -60   910  25
   40 1430  61  16   -20   910  25
   40 1431  61  17    20   910  25
   40 1432  61  18    60   910  25
   40 1433  61  19   100   910  25
   40 1434  61  20   140   910  25
   40 1435  61  21   180   910  25
   40 1436  61  22   220   910  25
   40 1437  61  23   260   910  25
   40 1438  61  24   300   910  25
   40 1439  61  25   340   910  25
   40 1440  62   1  -600   950  25
   40 1441  62   2  -560   950  25
   40 1442  62   3  -520   950  25
   40 1443  62   4  -480   950  25
   40 1444  62   5  -440   950  25
   40 1445  62   6  -400   950  25
   40 1446  62   7  -360   950  25
   40 1447  62   8  -320   950  25
   40 1448  62   9  -280   950  25
   40 1449  62  10  -240   950  25
   40 1450  62  11  -200   950  25
   40 1451  62  12  -160   950  25
   40 1452  62  13  -120   950  25
   40 1453  62  14   -80   950  25
   40 1454  62  15   -40   950  25
   40 1455  62  16     0   950  25
   40 1456  62  17    40   950  25
   40 1457  62  18    80   950  25
   40 1458  62  19   120   950  25
   40 1459  62  20   160   950  25
   40 1460  62  21   200   950  25
   40 1461  62  22   240   950  25
   40 1462  62  23   280   950  25
   40 1463  62  24   320   950  25
   40 1464  62  25   360   950  25
   40 1465  63   1  -620   990  25
   40 1466  63   2  -580   990  25
   40 1467  63   3  -540   990  25
   40 1468  63   4  -500   990  25
   40 1469  63   5  -460   990  25
   40 1470  63   6  -420   990  25
   40 1471  63   7  -380   990  25
   40 1472  63   8  -340   990  25
   40 1473  63   9  -300   990  25
   40 1474  63  10  -260   990  25
   40 1475  63  11  -220   990  25
   40 1476  63  12  -180   990  25
   40 1477  63  13  -140   990  25
   40 1478  63  14  -100   990  25
   40 1479  63  15   -60   990  25
   40 1480  63  16   -20   990  25
   40 1481  63  17    20   990  25
   40 1482  63  18    60   990  25
   40 1483  63  19   100   990  25
   40 1484  63  20   140   990  25
   40 1485  63  21   180   990  25
   40 1486  63  22   220   990  25
   40 1487  63  23   260   990  25
   40 1488  63  24   300   990  25
   40 1489  63  25   340   990  25
   40 1490  64   1  -600  1030  25
   40 1491  64   2  -560  1030  25
   40 1492  64   3  -520  1030  25
   40 1493  64   4  -480  1030  25
   40 1494  64   5  -440  1030  25
   40 1495  64   6  -400  1030  25
   40 1496  64   7  -360  1030  25
   40 1497  64   8  -320  1030  25
   40 1498  64   9  -280  1030  25
   40 1499  64  10  -240  1030  25
   40 1500  64  11  -200  1030  25
   40 1501  64  12  -160  1030  25
   40 1502  64  13  -120  1030  25
   40 1503  64  14   -80  1030  25
   40 1504  64  15   -40  1030  25
   40 1505  64  16     0  1030  25
   40 1506  64  17    40  1030  25
   40 1507  64  18    80  1030  25
   40 1508  64  19   120  1030  25
   40 1509  64  20   160  1030  25
   40 1510  64  21   200  1030  25
   40 1511  64  22   240  1030  25
   40 1512  64  23   280  1030  25
   40 1513  64  24   320  1030  25
   40 1514  64  25   360  1030  25
   40 1515  65   1  -620  1070  23
   40 1516  65   2  -580  1070  23
   40 1517  65   3  -540  1070  23
   40 1518  65   4  -500  1070  23
   40 1519  65   5  -460  1070  23
   40 1520  65   6  -420  1070  23
   40 1521  65   7  -380  1070  23
   40 1522  65   8  -340  1070  23
   40 1523  65   9  -300  1070  23
   40 1524  65  10  -260  1070  23
   40 1525  65  11  -220  1070  23
   40 1526  65  12  -180  1070  23
   40 1527  65  13  -140  1070  23
   40 1528  65  14  -100  1070  23
   40 1529  65  15   -60  1070  23
   40 1530  65  16   -20  1070  23
   40 1531  65  17    20  1070  23
   40 1532  65  18    60  1070  23
   40 1533  65  19   100  1070  23
   40 1534  65  20   140  1070  23
   40 1535  65  21   180  1070  23
   40 1536  65  22   220  1070  23
   40 1537  65  23   260  1070  23
   40 1538  66   1  -600  1110  23
   40 1539  66   2  -560  1110  23
   40 1540  66   3  -520  1110  23
   40 1541  66   4  -480  1110  23
   40 1542  66   5  -440  1110  23
   40 1543  66   6  -400  1110  23
   40 1544  66   7  -360  1110  23
   40 1545  66   8  -320  1110  23
   40 1546  66   9  -280  1110  23
   40 1547  66  10  -240  1110  23
   40 1548  66  11  -200  1110  23
   40 1549  66  12  -160  1110  23
   40 1550  66  13  -120  1110  23
   40 1551  66  14   -80  1110  23
   40 1552  66  15   -40  1110  23
   40 1553  66  16     0  1110  23
   40 1554  66  17    40  1110  23
   40 1555  66  18    80  1110  23
   40 1556  66  19   120  1110  23
   40 1557  66  20   160  1110  23
   40 1558  66  21   200  1110  23
   40 1559  66  22   240  1110  23
   40 1560  66  23   280  1110  23
   40 1561  67   1  -620  1150  23
   40 1562  67   2  -580  1150  23
   40 1563  67   3  -540  1150  23
   40 1564  67   4  -500  1150  23
   40 1565  67   5  -460  1150  23
   40 1566  67   6  -420  1150  23
   40 1567  67   7  -380  1150  23
   40 1568  67   8  -340  1150  23
   40 1569  67   9  -300  1150  23
   40 1570  67  10  -260  1150  23
   40 1571  67  11  -220  1150  23
   40 1572  67  12  -180  1150  23
   40 1573  67  13  -140  1150  23
   40 1574  67  14  -100  1150  23
   40 1575  67  15   -60  1150  23
   40 1576  67  16   -20  1150  23
   40 1577  67  17    20  1150  23
   40 1578  67  18    60  1150  23
   40 1579  67  19   100  1150  23
   40 1580  67  20   140  1150  23
   40 1581  67  21   180  1150  23
   40 1582  67  22   220  1150  23
   40 1583  67  23   260  1150  23
   40 1584  68   1  -600  1190  23
   40 1585  68   2  -560  1190  23
   40 1586  68   3  -520  1190  23
   40 1587  68   4  -480  1190  23
   40 1588  68   5  -440  1190  23
   40 1589  68   6  -400  1190  23
   40 1590  68   7  -360  1190  23
   40 1591  68   8  -320  1190  23
   40 1592  68   9  -280  1190  23
   40 1593  68  10  -240  1190  23
   40 1594  68  11  -200  1190  23
   40 1595  68  12  -160  1190  23
   40 1596  68  13  -120  1190  23
   40 1597  68  14   -80  1190  23
   40 1598  68  15   -40  1190  23
   40 1599  68  16     0  1190  23
   40 1600  68  17    40  1190  23
   40 1601  68  18    80  1190  23
   40 1602  68  19   120  1190  23
   40 1603  68  20   160  1190  23
   40 1604  68  21   200  1190  23
   40 1605  68  22   240  1190  23
   40 1606  68  23   280  1190  23
   40 1607  69   1  -620  1230  19
   40 1608  69   2  -580  1230  19
   40 1609  69   3  -540  1230  19
   40 1610  69   4  -500  1230  19
   40 1611  69   5  -460  1230  19
   40 1612  69   6  -420  1230  19
   40 1613  69   7  -380  1230  19
   40 1614  69   8  -340  1230  19
   40 1615  69   9  -300  1230  19
   40 1616  69  10  -260  1230  19
   40 1617  69  11  -220  1230  19
   40 1618  69  12  -180  1230  19
   40 1619  69  13  -140  1230  19
   40 1620  69  14  -100  1230  19
   40 1621  69  15   -60  1230  19
   40 1622  69  16   -20  1230  19
   40 1623  69  17    20  1230  19
   40 1624  69  18    60  1230  19
   40 1625  69  19   100  1230  19
   40 1626  70   1  -600  1270  19
   40 1627  70   2  -560  1270  19
   40 1628  70   3  -520  1270  19
   40 1629  70   4  -480  1270  19
   40 1630  70   5  -440  1270  19
   40 1631  70   6  -400  1270  19
   40 1632  70   7  -360  1270  19
   40 1633  70   8  -320  1270  19
   40 1634  70   9  -280  1270  19
   40 1635  70  10  -240  1270  19
   40 1636  70  11  -200  1270  19
   40 1637  70  12  -160  1270  19
   40 1638  70  13  -120  1270  19
   40 1639  70  14   -80  1270  19
   40 1640  70  15   -40  1270  19
   40 1641  70  16     0  1270  19
   40 1642  70  17    40  1270  19
   40 1643  70  18    80  1270  19
   40 1644  70  19   120  1270  19
   40 1645  71   1  -620  1310  19
   40 1646  71   2  -580  1310  19
   40 1647  71   3  -540  1310  19
   40 1648  71   4  -500  1310  19
   40 1649  71   5  -460  1310  19
   40 1650  71   6  -420  1310  19
   40 1651  71   7  -380  1310  19
   40 1652  71   8  -340  1310  19
   40 1653  71   9  -300  1310  19
   40 1654  71  10  -260  1310  19
   40 1655  71  11  -220  1310  19
   40 1656  71  12  -180  1310  19
   40 1657  71  13  -140  1310  19
   40 1658  71  14  -100  1310  19
   40 1659  71  15   -60  1310  19
   40 1660  71  16   -20  1310  19
   40 1661  71  17    20  1310  19
   40 1662  71  18    60  1310  19
   40 1663  71  19   100  1310  19
   40 1664  72   1  -600  1350  19
   40 1665  72   2  -560  1350  19
   40 1666  72   3  -520  1350  19
   40 1667  72   4  -480  1350  19
   40 1668  72   5  -440  1350  19
   40 1669  72   6  -400  1350  19
   40 1670  72   7  -360  1350  19
   40 1671  72   8  -320  1350  19
   40 1672  72   9  -280  1350  19
   40 1673  72  10  -240  1350  19
   40 1674  72  11  -200  1350  19
   40 1675  72  12  -160  1350  19
   40 1676  72  13  -120  1350  19
   40 1677  72  14   -80  1350  19
   40 1678  72  15   -40  1350  19
   40 1679  72  16     0  1350  19
   40 1680  72  17    40  1350  19
   40 1681  72  18    80  1350  19
   40 1682  72  19   120  1350  19
   42 1683  73   1  -619  1391  14
   42 1684  73   2  -577  1391  14
   42 1685  73   3  -535  1391  14
   42 1686  73   4  -493  1391  14
   42 1687  73   5  -451  1391  14
   42 1688  73   6  -409  1391  14
   42 1689  73   7  -367  1391  14
   42 1690  73   8  -325  1391  14
   42 1691  73   9  -283  1391  14
   42 1692  73  10  -241  1391  14
   42 1693  73  11  -199  1391  14
   42 1694  73  12  -157  1391  14
   42 1695  73  13  -115  1391  14
   42 1696  73  14   -73  1391  14
   38 1697  74   1  -602  1431  15
   38 1698  74   2  -564  1431  15
   38 1699  74   3  -526  1431  15
   38 1700  74   4  -488  1431  15
   38 1701  74   5  -450  1431  15
   38 1702  74   6  -412  1431  15
   38 1703  74   7  -374  1431  15
   38 1704  74   8  -336  1431  15
   38 1705  74   9  -298  1431  15
   38 1706  74  10  -260  1431  15
   38 1707  74  11  -222  1431  15
   38 1708  74  12  -184  1431  15
   38 1709  74  13  -146  1431  15
   38 1710  74  14  -108  1431  15
   38 1711  74  15   -70  1431  15
   38 1712  75   1  -621  1469  15
   38 1713  75   2  -583  1469  15
   38 1714  75   3  -545  1469  15
   38 1715  75   4  -507  1469  15
   38 1716  75   5  -469  1469  15
   38 1717  75   6  -431  1469  15
   38 1718  75   7  -393  1469  15
   38 1719  75   8  -355  1469  15
   38 1720  75   9  -317  1469  15
   38 1721  75  10  -279  1469  15
   38 1722  75  11  -241  1469  15
   38 1723  75  12  -203  1469  15
   38 1724  75  13  -165  1469  15
   38 1725  75  14  -127  1469  15
   38 1726  75  15   -89  1469  15
   38 1727  76   1  -602  1507  15
   38 1728  76   2  -564  1507  15
   38 1729  76   3  -526  1507  15
   38 1730  76   4  -488  1507  15
   38 1731  76   5  -450  1507  15
   38 1732  76   6  -412  1507  15
   38 1733  76   7  -374  1507  15
   38 1734  76   8  -336  1507  15
   38 1735  76   9  -298  1507  15
   38 1736  76  10  -260  1507  15
   38 1737  76  11  -222  1507  15
   38 1738  76  12  -184  1507  15
   38 1739  76  13  -146  1507  15
   38 1740  76  14  -108  1507  15
   38 1741  76  15   -70  1507  15
   38 1742  77   1  -541  1545  9
   38 1743  77   2  -503  1545  9
   38 1744  77   3  -465  1545  9
   38 1745  77   4  -427  1545  9
   38 1746  77   5  -389  1545  9
   38 1747  77   6  -351  1545  9
   38 1748  77   7  -313  1545  9
   38 1749  77   8  -275  1545  9
   38 1750  77   9  -237  1545  9
   38 1751  78   1  -522  1583  9
   38 1752  78   2  -484  1583  9
   38 1753  78   3  -446  1583  9
   38 1754  78   4  -408  1583  9
   38 1755  78   5  -370  1583  9
   38 1756  78   6  -332  1583  9
   38 1757  78   7  -294  1583  9
   38 1758  78   8  -256  1583  9
   38 1759  78   9  -218  1583  9
   38 1760  79   1  -541  1621  9
   38 1761  79   2  -503  1621  9
   38 1762  79   3  -465  1621  9
   38 1763  79   4  -427  1621  9
   38 1764  79   5  -389  1621  9
   38 1765  79   6  -351  1621  9
   38 1766  79   7  -313  1621  9
   38 1767  79   8  -275  1621  9
   38 1768  79   9  -237  1621  9
   38 1769  80   1  -522  1659  9
   38 1770  80   2  -484  1659  9
   38 1771  80   3  -446  1659  9
   38 1772  80   4  -408  1659  9
   38 1773  80   5  -370  1659  9
   38 1774  80   6  -332  1659  9
   38 1775  80   7  -294  1659  9
   38 1776  80   8  -256  1659  9
   38 1777  80   9  -218  1659  9
