1 1 12
2 1 32
3 0
4 2 18 44
5 2 9 18
6 1 44
7 1 54
8 0
9 0
10 1 19
11 9 4 9 10 12 13 18 19 23 40
12 9 9 10 11 12 17 18 20 29 45
13 9 5 9 11 17 18 19 28 30 42
14 6 18 19 20 28 29 60
15 4 28 29 40 42
16 1 28
17 1 18
18 0
19 3 6 12 13
20 13 3 4 5 10 11 12 13 14 20 21 22 33 34
21 17 4 5 8 9 10 11 12 13 14 17 18 19 20 21 22 29 31
22 17 10 11 12 13 17 18 19 20 21 22 28 29 30 31 32 41 42
23 14 10 17 18 19 20 24 28 29 30 31 40 41 42 43
24 9 20 24 28 29 30 40 41 42 80
25 3 19 28 41
26 1 18
27 0
28 3 27 33 47
29 16 9 11 12 13 14 15 16 19 20 21 22 23 24 31 32 33
30 24 4 5 6 10 11 12 13 14 15 18 19 20 21 22 23 24 25 30 31 32 33 34 43 46
31 26 10 11 12 13 14 19 20 21 22 23 24 29 30 31 32 33 34 35 36 41 42 43 44 46 55 59
32 23 11 14 17 19 20 21 22 23 28 29 30 31 32 33 40 41 42 43 44 45 54 56 67
33 13 20 21 28 29 30 32 40 41 42 43 54 55 58
34 9 19 30 32 40 41 42 43 54 55
35 4 40 41 42 54
36 0
37 4 10 35 37 60
38 20 6 12 13 14 15 20 21 22 23 24 25 26 27 32 33 34 35 36 47 48
39 28 13 14 19 20 21 22 23 24 25 26 30 31 32 33 34 35 36 39 43 44 45 46 47 48 49 57 59 63
40 28 5 14 19 20 21 22 23 24 25 29 30 31 32 33 34 35 37 38 41 42 43 44 45 46 56 57 67 70
41 23 13 18 19 20 22 28 31 32 33 34 40 41 42 43 44 45 46 54 55 56 57 58 59
42 14 20 28 30 31 41 42 43 45 46 54 55 67 68 84
43 9 41 42 44 54 55 56 57 58 67
44 2 42 54
45 2 29 40
46 6 25 36 37 38 39 49
47 24 5 7 13 23 24 25 26 32 33 34 35 36 37 38 39 45 46 47 48 49 50 51 60 65
48 35 11 12 15 20 22 23 24 25 26 27 32 33 34 35 36 37 38 44 45 46 47 48 49 50 51 56 57 58 59 60 61 62 63 71 75
49 28 21 22 23 24 30 31 32 33 34 35 36 43 44 45 46 47 48 49 54 55 56 57 58 59 60 61 68 73
50 28 18 21 29 30 31 32 33 42 43 44 45 46 47 48 54 55 56 57 58 59 67 68 69 70 71 81 82 83
51 23 31 32 33 41 42 43 44 47 54 55 56 57 58 59 60 67 68 69 70 71 72 82 83
52 13 41 43 54 55 56 57 58 67 68 69 70 71 80
53 4 42 54 67 68
54 0
55 8 36 37 39 49 51 62 77 87
56 23 14 33 35 37 38 39 47 48 49 50 51 59 60 61 62 63 64 65 72 73 75 87 91
57 38 22 24 25 26 32 34 35 36 37 38 44 45 46 47 48 49 50 51 52 55 56 57 58 59 60 61 62 63 64 66 70 71 72 73 74 75 76 85
58 40 27 33 36 37 38 39 42 44 45 46 47 48 49 50 51 52 56 57 58 59 60 61 62 63 69 70 71 72 73 74 75 76 77 81 83 84 85 89 95 97
59 32 23 42 44 45 46 47 55 56 57 58 59 60 61 67 68 69 70 71 72 73 75 81 82 83 84 85 86 87 93 95 96 98
60 19 35 40 44 56 57 58 64 67 68 69 70 71 76 80 81 82 83 84 94
61 11 56 58 67 68 69 70 80 81 82 85 93
62 5 54 68 69 81 94
63 1 67
64 7 66 74 75 77 91 92 121
65 30 35 36 38 48 49 50 51 52 53 61 62 63 64 65 73 75 76 77 78 79 87 88 89 90 91 92 101 102 103 105
66 40 36 37 38 46 47 49 50 51 52 53 58 59 60 61 62 63 64 65 69 71 72 73 74 75 76 77 78 79 82 84 85 86 87 88 89 90 91 98 99 100
67 37 34 35 36 37 38 44 46 47 49 50 58 59 60 61 62 63 70 71 72 73 74 75 76 78 83 84 85 86 87 88 89 91 96 97 98 100 118
68 29 45 54 56 57 58 59 60 69 70 71 72 73 74 81 82 83 84 85 86 87 94 95 96 97 98 107 108 109 112
69 24 58 60 61 63 68 69 70 71 80 81 82 83 84 85 86 87 93 94 95 96 97 110 112 121
70 13 55 68 69 70 80 82 83 84 93 94 95 96 106
71 6 69 82 89 94 95 96
72 0
73 5 87 90 102 103 116
74 33 35 39 48 50 61 63 64 65 66 70 75 76 77 78 79 88 89 90 91 92 100 101 102 103 104 105 114 115 116 124 127 129 130
75 39 48 50 59 61 62 63 64 65 66 72 73 74 75 76 77 78 79 83 86 87 88 89 90 92 97 98 100 101 102 103 104 105 109 111 113 114 115 116 128
76 39 46 52 60 61 62 63 64 66 71 72 73 74 75 76 77 78 83 84 85 86 87 88 89 90 91 96 97 98 99 100 101 102 107 109 110 111 113 116 140
77 29 38 58 59 60 70 71 72 73 75 82 83 84 85 86 87 89 94 95 96 97 98 99 100 101 108 110 111 112 114
78 21 55 70 71 74 80 81 82 84 86 90 94 95 96 97 98 106 107 108 109 110 112
79 12 64 67 83 94 95 96 97 107 109 110 111 120
80 6 94 96 98 107 108 113
81 0
82 7 63 115 117 128 129 130 206
83 29 61 63 64 66 77 87 89 90 91 92 100 101 102 103 104 105 113 114 115 116 117 118 125 128 129 130 134 141 155
84 41 26 51 55 61 64 74 75 77 78 79 81 84 87 88 89 90 91 99 100 101 102 103 104 105 111 112 113 114 115 116 117 118 124 125 126 127 128 135 139 140 142
85 41 58 72 73 75 77 78 84 86 87 88 89 90 92 95 96 97 98 99 100 101 102 103 104 108 109 110 111 112 113 114 115 116 123 124 125 126 127 130 132 138 149
86 33 82 84 85 87 93 95 96 97 98 99 100 101 102 103 105 107 108 109 110 111 112 113 114 115 120 121 122 124 125 126 132 133 135
87 24 67 73 81 83 84 85 86 93 94 95 96 97 98 99 107 108 109 110 111 119 120 121 122 124
88 13 82 94 95 98 106 107 108 109 120 121 123 126 128
89 7 94 95 107 108 109 122 132
90 0
91 4 102 110 130 154
92 28 77 89 90 99 100 102 103 104 105 110 111 113 114 115 116 117 118 127 128 129 130 131 139 140 141 142 143 155
93 31 76 87 88 90 91 99 101 102 103 104 112 113 114 115 116 117 118 121 124 125 126 127 128 129 130 131 138 139 140 141 142
94 33 87 88 89 98 101 103 108 109 110 111 112 113 114 115 116 121 122 123 124 125 126 127 128 129 134 135 136 137 138 141 148 149 152
95 24 97 98 99 100 107 108 109 110 111 112 113 120 121 122 123 124 125 126 127 134 136 137 138 141
96 26 94 95 96 98 99 100 106 107 108 109 110 111 112 113 119 120 121 122 123 124 125 132 133 134 135 136
97 14 95 97 107 108 109 110 119 120 121 122 123 133 134 148
98 6 106 107 119 120 121 133
99 1 159
100 5 142 144 154 155 167
101 23 101 113 115 118 127 129 130 131 137 139 140 141 142 143 144 151 152 153 154 155 156 168 173
102 42 101 103 105 108 109 110 112 114 115 116 117 118 121 123 124 125 126 127 128 129 130 131 136 137 138 139 140 141 142 143 144 149 150 151 152 153 154 155 156 157 167 174
103 37 66 87 99 101 102 112 113 114 115 116 123 124 125 126 127 128 129 135 136 137 138 139 140 141 142 143 146 147 148 149 150 151 152 153 154 165 167
104 34 77 92 103 108 109 110 111 113 114 115 120 121 122 123 124 125 126 127 128 132 133 134 135 136 137 138 139 140 145 146 147 148 149 151
105 23 96 107 108 111 119 120 121 122 123 124 132 133 134 135 136 137 138 140 146 147 149 150 159
106 12 115 119 120 121 122 123 132 133 134 135 138 146
107 5 106 121 132 133 146
108 0
109 4 141 148 167 169
110 32 72 116 124 126 127 128 129 130 138 139 140 141 142 144 150 151 152 153 154 155 156 162 163 165 166 167 168 169 170 178 180 181
111 37 90 112 116 117 123 125 126 127 128 129 130 136 137 138 139 140 141 142 148 149 150 151 152 153 154 155 156 162 163 164 165 166 167 168 169 181 186
112 33 113 122 123 124 126 127 129 130 134 135 136 137 138 139 140 143 145 147 148 149 150 151 152 153 154 155 160 162 163 164 165 166 178
113 25 120 122 123 124 132 133 134 135 136 137 139 140 145 146 147 148 149 150 151 152 153 162 163 164 166
114 18 120 121 122 124 132 133 134 135 136 137 145 146 147 148 150 160 162 173
115 9 120 121 132 133 136 145 146 147 148
116 3 132 133 134
117 0
118 6 166 167 174 177 178 191
119 23 115 128 131 139 141 151 152 153 154 156 163 164 165 166 167 168 169 175 176 177 178 179 181
120 35 129 137 138 140 142 148 149 150 151 152 153 154 155 156 160 161 162 163 164 165 166 167 168 169 174 175 176 177 178 179 180 181 188 190 192
121 37 128 134 135 136 137 138 139 140 141 145 146 147 148 149 150 151 152 153 159 160 161 162 163 164 165 166 167 169 173 174 175 176 177 178 180 184 191
122 28 124 125 126 132 134 135 136 137 138 145 146 147 148 149 150 153 158 159 160 161 162 163 164 165 166 172 174 176
123 20 123 132 133 134 135 136 145 146 147 148 149 158 159 160 161 163 164 165 174 175
124 13 122 132 133 134 135 145 146 147 148 149 151 159 171
125 5 132 133 134 145 146
126 0
127 6 148 166 176 179 190 192
128 17 140 150 151 152 154 166 167 173 176 177 178 179 187 188 189 190 191
129 36 128 135 147 148 150 151 152 154 159 160 162 163 164 165 166 167 168 169 171 173 174 175 176 177 178 179 183 185 186 187 188 189 190 191 196 197
130 34 126 136 138 139 147 148 149 150 152 159 160 161 162 163 164 165 166 167 171 172 173 174 175 176 177 178 179 180 184 187 188 189 195 197
131 26 132 134 139 145 146 147 148 149 151 158 159 160 161 162 163 164 166 171 172 173 174 175 176 177 178 186
132 17 132 139 145 146 147 150 158 159 160 161 162 163 173 174 175 184 191
133 7 145 146 158 159 160 161 171
134 2 145 159
135 1 147
136 4 186 196 197 200
137 24 150 165 172 174 175 176 177 178 179 184 185 186 187 188 189 190 191 194 195 196 197 198 199 200
138 25 147 149 162 167 172 173 174 175 176 177 178 183 184 185 186 187 188 189 190 195 196 197 198 199 200
139 25 159 160 161 162 163 164 165 171 172 173 174 175 176 177 183 184 185 186 187 188 189 196 197 198 204
140 21 146 148 158 159 160 161 163 164 171 172 173 174 175 177 183 184 185 186 187 194 203
141 14 145 147 158 159 160 161 162 164 165 171 172 173 174 184
142 5 146 159 160 172 173
143 1 171
144 2 145 160
145 4 175 188 200 206
146 19 165 176 178 183 185 186 187 188 189 190 194 195 196 197 198 199 200 201 206
147 22 172 174 176 183 184 185 186 187 188 190 192 194 195 196 197 198 199 200 201 205 206 207
148 21 163 171 172 173 174 175 176 183 184 185 186 187 188 189 190 195 196 197 198 205 207
149 17 158 159 160 171 172 173 174 175 176 183 184 185 186 187 188 195 196
150 12 84 145 158 159 161 171 172 174 183 187 194 203
151 6 158 160 171 172 173 183
152 2 159 171
153 0
154 0
155 10 175 185 189 194 195 196 197 198 199 206
156 12 173 183 185 186 187 194 195 196 197 198 199 205
157 16 171 172 173 174 183 184 185 186 187 194 195 196 197 205 206 208
158 7 171 172 174 183 184 186 189
159 4 158 171 172 183
160 2 171 173
161 0
162 0
163 0
164 1 205
165 6 160 183 195 197 198 206
166 2 172 183
167 2 171 194
168 0
169 1 183
170 0
171 0
172 0
173 0
174 0
175 0
176 0
177 0
178 0
179 0
180 0
181 0
182 0
183 0
184 0
185 0
186 0
187 0
188 0
189 0
