ECAL_shower_profile_x_default 140       -0.7       0.7
               0      1.97823e-05      3.95646e-05      6.42925e-05      7.91292e-05       0.00013353      0.000252224      0.000395646 
     0.000593469       0.00081602       0.00118694        0.0016172       0.00213649       0.00278436       0.00359049        0.0045252 
      0.00581105        0.0073145       0.00892182        0.0107863        0.0129525        0.0154796        0.0182739        0.0212264 
       0.0243817         0.027626        0.0312313        0.0349207        0.0387684        0.0430858        0.0471709        0.0515378 
        0.056251        0.0608405        0.0654052        0.0702519        0.0751084        0.0803359        0.0857563        0.0914634 
       0.0971904          0.10315         0.109005         0.115084           0.1218         0.128664         0.135899         0.143298 
        0.151008         0.159327         0.168006         0.177437         0.187462         0.197778         0.208777         0.220256 
        0.232788         0.245953         0.259692         0.274979         0.291754         0.309004         0.326967         0.346289 
        0.367357         0.388811         0.412308         0.436744         0.461239         0.486763         0.512099         0.537198 
         0.56246          0.58931         0.614755         0.638538         0.660546         0.680462         0.699413         0.717449 
        0.734037         0.748849         0.763053         0.775792         0.787978         0.799175          0.80966         0.819828 
        0.829219         0.838275         0.846509         0.854862          0.86233          0.86964          0.87641         0.882889 
        0.889283         0.895317         0.901108         0.906573          0.91182         0.916682          0.92181          0.92684 
         0.93143          0.93643         0.941019         0.945658         0.949971          0.95414         0.958259         0.962087 
        0.965856         0.969451         0.972963         0.976316         0.979481         0.982201         0.984862         0.987181 
        0.989268         0.991113         0.992804         0.994248          0.99549         0.996518         0.997404         0.998081 
        0.998675         0.998996         0.999233         0.999466         0.999609         0.999718         0.999787         0.999857 
        0.999906         0.999951          0.99998          0.99999                1 

ECAL_shower_profile_y_default 180      -0.89      0.91
               0      9.89139e-06      3.95656e-05      5.44027e-05       0.00010386      0.000123642      0.000153317      0.000178045 
     0.000202774      0.000212665      0.000267068      0.000316525      0.000361036      0.000415438      0.000484678      0.000573701 
     0.000642941      0.000761637      0.000865497       0.00105838       0.00128588       0.00151338       0.00174089       0.00200795 
      0.00243328       0.00292785       0.00348672       0.00414944       0.00503472        0.0060387       0.00720093       0.00841758 
      0.00991118        0.0116075         0.013477        0.0155888        0.0180716        0.0208659        0.0238135        0.0270975 
       0.0307375        0.0346594        0.0387743        0.0435518        0.0484827        0.0532998        0.0587549        0.0641655 
       0.0699173        0.0755455        0.0814358        0.0876427        0.0941018         0.100971         0.108054         0.114903 
        0.121674          0.12885         0.136318         0.144202         0.152021         0.159865         0.167798         0.176027 
        0.184697         0.193471         0.202244         0.211152         0.220445         0.229916         0.239767         0.249832 
        0.259901         0.270337         0.281638         0.293186         0.304912         0.317044         0.329413         0.342761 
        0.356293         0.371145         0.385522         0.401254         0.416591         0.432511         0.448644         0.465731 
        0.483056         0.500173          0.51779         0.535144         0.552063         0.568671         0.584843         0.600521 
        0.615433         0.630522         0.644686         0.658485         0.671418         0.684277         0.696502          0.70811 
        0.719683         0.730722         0.741108         0.751454         0.761237         0.770816         0.780436         0.789749 
        0.798779         0.807523         0.816154          0.82465         0.832949         0.841367         0.849136         0.856451 
        0.863979         0.871234         0.878672         0.885299         0.892035         0.898678         0.905008         0.911512 
         0.91761         0.923411         0.928851         0.933881         0.939104         0.944213         0.948738         0.952957 
        0.957304          0.96132         0.965296         0.968911         0.972195         0.975514         0.978407         0.981063 
        0.983595          0.98584         0.987814           0.9895         0.990994         0.992369         0.993472         0.994436 
        0.995321         0.996113         0.996741         0.997235         0.997661         0.998037         0.998333         0.998531 
        0.998778         0.998942         0.999075         0.999204         0.999298         0.999402         0.999476         0.999555 
        0.999619         0.999688         0.999753         0.999817         0.999847         0.999871         0.999896         0.999936 
        0.999951         0.999955         0.999955          0.99998                1 

ECAL_shower_profiles_x 5        -70        70
ECAL_shower_profile_x_bin 1  73      -0.74      0.72
               0      4.24989e-05      8.49979e-05      0.000169996      0.000212495      0.000637484       0.00144496       0.00310242 
      0.00514237       0.00854229        0.0120272        0.0166171        0.0232044        0.0294518        0.0377391        0.0455589 
       0.0548661        0.0646409        0.0747981        0.0869953        0.0992775         0.114067         0.129282         0.143774 
        0.159414         0.175351         0.192138          0.20969         0.231322         0.252826         0.277646         0.304335 
        0.334297         0.368211         0.405865         0.447301          0.48657         0.524479         0.573821         0.640544 
        0.696345         0.735317         0.762898         0.786315         0.804292         0.821887         0.838504         0.853336 
        0.867318         0.880323         0.893625         0.904887         0.915172         0.924862         0.935104         0.944284 
        0.953081         0.960858         0.969018         0.975308         0.981598         0.985593         0.989163          0.99252 
        0.994985           0.9966         0.998215         0.999065         0.999448         0.999618         0.999915         0.999958 
               1                1 

ECAL_shower_profile_x_bin 2  71      -0.72       0.7
               0                0      7.80847e-05      0.000171786      0.000484125       0.00117127       0.00221761       0.00409164 
      0.00651227        0.0103384        0.0155701        0.0218793        0.0296097         0.037793        0.0468665        0.0565333 
        0.067231         0.079053        0.0907657         0.103009         0.115909         0.130386         0.144082         0.159465 
        0.175847         0.193869         0.214218         0.237096         0.262989         0.290616          0.32185         0.358612 
        0.397077         0.440492         0.488342         0.538535         0.589024          0.63789         0.684116         0.724095 
        0.757797         0.787344         0.811082         0.830384         0.847376         0.862462         0.875236         0.886621 
        0.896444          0.90608         0.914888         0.923883         0.931863         0.940624         0.949292         0.957413 
        0.964987         0.971593         0.978417         0.984508         0.989068         0.992519         0.995034         0.996923 
        0.998501         0.999328         0.999578         0.999844         0.999875         0.999938         0.999984                1 


ECAL_shower_profile_x_bin 3  68      -0.66       0.7
               0      3.28488e-05       8.2122e-05       0.00014782      0.000361337      0.000837645       0.00200378       0.00372834 
      0.00597848       0.00990392        0.0142564        0.0188716        0.0239961        0.0303852        0.0371684        0.0440503 
       0.0516383        0.0601955        0.0695081        0.0808574         0.093652         0.107498         0.122756         0.140396 
        0.160466         0.182409         0.208064         0.237234         0.270855         0.307235         0.350349         0.398867 
         0.45039         0.507301         0.561715          0.61672         0.664384         0.706447         0.745028         0.777104 
        0.805568         0.829285         0.850193          0.86803         0.884044         0.898169         0.909666         0.920999 
        0.931182         0.940314         0.948789          0.95664         0.963965         0.970666         0.976694         0.981752 
        0.986713         0.990687         0.993759         0.996272         0.997783         0.998817         0.999392         0.999672 
        0.999836         0.999918         0.999967                1                1 

ECAL_shower_profile_x_bin 4  73      -0.76       0.7
               0                0      2.37006e-05      2.37006e-05      2.37006e-05      2.37006e-05      9.48025e-05      0.000118503 
     0.000355509      0.000521414       0.00120873       0.00220416        0.0037684       0.00611476        0.0100728        0.0149551 
       0.0213069        0.0287725        0.0359064        0.0436802         0.050506        0.0578532        0.0655559        0.0732586 
       0.0815301        0.0893513        0.0994715         0.110042         0.121513         0.134667         0.149669          0.16716 
        0.186239         0.212263         0.243642         0.278506         0.317399         0.362999         0.413434         0.462612 
        0.513924         0.560994         0.603133         0.643045         0.677766         0.708554         0.735122         0.760031 
        0.783827          0.80665         0.826914         0.845116         0.861446         0.875121         0.888655         0.900434 
        0.913469         0.925106         0.936293         0.946887          0.95677         0.965824         0.974024         0.981111 
        0.987131         0.992202          0.99526         0.997606         0.998578         0.999265         0.999692         0.999834 
        0.999976                1 

ECAL_shower_profile_x_bin 5  78      -0.82      0.74
               0                0      8.64678e-05      8.64678e-05      8.64678e-05      8.64678e-05      8.64678e-05      8.64678e-05 
     8.64678e-05      8.64678e-05      0.000259403      0.000259403      0.000605275      0.000691742       0.00146995       0.00276697 
      0.00449633       0.00691742        0.0108085        0.0169477        0.0220493        0.0301773        0.0387376        0.0479896 
       0.0581064        0.0696066        0.0812797         0.092607         0.103415         0.116991         0.128318         0.142412 
        0.158236         0.173541         0.191007         0.210981         0.235106         0.262776         0.297795         0.337138 
        0.397233         0.446174          0.48984         0.535668         0.578729         0.617207         0.654129         0.686814 
        0.716991         0.744401         0.768093         0.788759         0.806312         0.823346         0.841072         0.856896 
        0.869952         0.883268         0.894509         0.906615         0.919239         0.930307         0.939559          0.95054 
        0.958841         0.968699         0.977345         0.983225          0.98824         0.993083          0.99585         0.997492 
        0.998444         0.999049         0.999395         0.999654         0.999741                1                1 



ECAL_shower_profiles_y 9       -150       150
ECAL_shower_profile_y_bin 1  89         -1      0.78
               0      0.000510856      0.000510856      0.000510856      0.000766284       0.00102171       0.00102171       0.00204342 
      0.00383142       0.00510856       0.00613027       0.00766284        0.0102171        0.0130268        0.0163474        0.0214559 
       0.0270754        0.0349936        0.0434227        0.0541507        0.0725415        0.0888889         0.107791         0.126692 
        0.148914         0.167561         0.190805         0.214304         0.242656         0.276373         0.303959         0.323116 
        0.342529         0.360409         0.379055         0.394636         0.411494         0.428863         0.452107         0.471775 
        0.495785         0.514687         0.533078         0.554023         0.569349         0.587995         0.609962         0.627842 
        0.642912         0.661558          0.68046         0.696552         0.711622          0.72848         0.749936         0.768072 
        0.788506         0.806641         0.821201          0.84189         0.862324         0.882759         0.898084         0.914176 
        0.932056          0.94355         0.956066         0.965006         0.972925         0.979821          0.98493         0.987995 
        0.990038         0.992337         0.993359         0.995147         0.996424          0.99719         0.997957         0.998212 
        0.998723         0.999234         0.999234         0.999489         0.999489         0.999489         0.999489         0.999489 
               1                1 

ECAL_shower_profile_y_bin 2  95      -0.96      0.94
               0      5.03246e-05      0.000100649      0.000251623      0.000402597      0.000452921      0.000754869      0.000905843 
      0.00100649       0.00161039       0.00196266        0.0026672        0.0034724       0.00518343       0.00785064        0.0105682 
       0.0162548        0.0230487        0.0322581        0.0443863        0.0585778        0.0740275        0.0919934         0.109909 
        0.130039         0.150923         0.171305         0.191233         0.212923         0.234311         0.261084         0.288612 
        0.313271         0.341352         0.368829         0.395451         0.420714         0.443611         0.467616         0.490061 
         0.51311         0.536259         0.558301         0.579488         0.601731         0.622817         0.642192         0.661064 
        0.679885         0.696794         0.713099         0.731971         0.749484           0.7674         0.785013         0.801721 
        0.819083           0.8372         0.854109         0.869005         0.885562         0.901012         0.916662         0.929294 
        0.943335         0.956721         0.968044          0.97831         0.985054         0.989633         0.992351         0.994313 
        0.995622         0.996679         0.997282         0.997987         0.998289         0.998541         0.998742         0.998943 
        0.999094         0.999346         0.999346         0.999396         0.999446         0.999597         0.999648         0.999698 
        0.999799         0.999849         0.999849         0.999849         0.999899         0.999899                1                1 


ECAL_shower_profile_y_bin 3  76      -0.76      0.76
               0                0      0.000175716      0.000246002      0.000632578       0.00098401       0.00186259       0.00340889 
      0.00615006       0.00987524        0.0157442        0.0236514        0.0350729        0.0483571        0.0623792        0.0778071 
       0.0931998         0.109155         0.126621         0.144403         0.162397         0.180847         0.200843          0.22207 
        0.243824         0.267124         0.295379         0.324196         0.355509         0.388543         0.420383         0.457951 
        0.492356          0.52634         0.559058         0.591495         0.619786         0.648638         0.673379         0.696609 
        0.719241         0.737902         0.754665         0.772413         0.788754         0.805166         0.820348         0.835811 
        0.850606         0.865929         0.879635         0.893024         0.906343         0.919171         0.932209         0.945177 
        0.956844         0.967563         0.977192         0.984818         0.990476         0.993709         0.996205          0.99761 
        0.998489         0.998981         0.999192         0.999297         0.999578         0.999613         0.999684         0.999789 
        0.999859          0.99993          0.99993                1                1 

ECAL_shower_profile_y_bin 4  72      -0.72      0.72
               0                0      6.77897e-05      0.000101685      0.000169474      0.000474528       0.00125411       0.00240653 
      0.00437244       0.00776192        0.0131173         0.020303        0.0295224        0.0390469        0.0491136        0.0603328 
       0.0716876        0.0845677        0.0987018         0.111514         0.125445         0.141782         0.159001         0.176592 
        0.196116         0.217029         0.239298         0.262482         0.287056         0.312511         0.342609         0.378978 
        0.420872         0.463478         0.509643         0.555401         0.602346         0.647765         0.686269         0.723113 
        0.754737         0.779988         0.802732         0.820866         0.840525         0.855676         0.868759         0.881436 
        0.892587          0.90462         0.914653          0.92377         0.933024         0.942582         0.951802         0.961428 
        0.969088         0.976172         0.983968         0.989255         0.992814         0.995831         0.997526         0.998509 
        0.999085         0.999559         0.999797         0.999864         0.999898         0.999932         0.999932         0.999966 
               1 

ECAL_shower_profile_y_bin 5  78      -0.76       0.8
               0                0      6.64099e-05      6.64099e-05      6.64099e-05      9.96148e-05      9.96148e-05      0.000166025 
     0.000332049      0.000431664      0.000929738       0.00172666       0.00318767       0.00594368        0.0101607        0.0155067 
       0.0218489        0.0281578        0.0332714        0.0392814        0.0459224        0.0536592        0.0616616        0.0705605 
       0.0794926        0.0893545         0.101341         0.113627         0.127806         0.144973         0.166921         0.192655 
        0.220979         0.252358          0.29061         0.336233         0.383916         0.436678         0.493824         0.548612 
        0.602736         0.649887         0.692954         0.731804         0.763514         0.792203         0.817439         0.838192 
        0.855857         0.872858         0.886406         0.899688         0.912372         0.923662         0.933623         0.942688 
        0.951056         0.958228         0.965733          0.97234         0.978782         0.984394         0.989806         0.994256 
        0.996945         0.998539         0.999203         0.999668         0.999834         0.999834         0.999867         0.999867 
        0.999867         0.999867         0.999867           0.9999         0.999934         0.999967                1 

ECAL_shower_profile_y_bin 6  71      -0.68      0.74
               0                0      6.56491e-05      9.84737e-05      0.000196947      0.000229772      0.000689316       0.00118168 
       0.0021336       0.00370917       0.00666338        0.0114886        0.0170031        0.0239947         0.031807         0.040046 
       0.0488429        0.0577384        0.0665025        0.0766782        0.0869851        0.0980798         0.108781          0.11958 
        0.131068         0.144953         0.159035         0.177253         0.196914         0.219104         0.246611         0.277433 
         0.31377         0.355982         0.400919         0.452946         0.501887         0.548006         0.592089         0.632792 
        0.667553         0.700804         0.730346          0.75503         0.778697         0.800656          0.81976         0.838011 
        0.855605         0.871656         0.886558         0.900574         0.912161         0.923453         0.935106         0.945413 
        0.955884          0.96432          0.97292         0.980469         0.987363         0.992253         0.995963         0.997801 
         0.99895         0.999508         0.999573         0.999803         0.999836         0.999902         0.999934                1 


ECAL_shower_profile_y_bin 7  80      -0.72      0.88
               0                0      3.57181e-05      3.57181e-05      7.14362e-05      0.000250027      0.000428617      0.000785798 
      0.00125013       0.00203593       0.00303604        0.0049291       0.00807229          0.01343        0.0206808         0.030789 
       0.0409687          0.05297        0.0655427        0.0789727        0.0931528         0.107011         0.121084         0.134193 
         0.14798         0.162625         0.176912         0.192235         0.206379         0.221524         0.237775         0.254706 
        0.273494         0.293281         0.314319         0.338286          0.36411         0.394935         0.425474         0.459013 
        0.493839         0.528021          0.56056         0.589242         0.616137         0.641676         0.667393         0.691181 
        0.715077         0.737829          0.75951         0.778548         0.796764         0.813801         0.831911         0.850913 
        0.867664         0.883738         0.899561         0.914955         0.929778         0.944494         0.959138         0.970425 
        0.980319         0.987213         0.992035         0.995214         0.997571         0.998714         0.999429         0.999679 
        0.999893         0.999893         0.999893         0.999929         0.999929         0.999929         0.999929                1 
               1 

ECAL_shower_profile_y_bin 8  86      -0.78      0.94
               0      4.46309e-05      0.000133893      0.000178524      0.000178524      0.000223155      0.000312416      0.000535571 
     0.000758725       0.00098188       0.00156208       0.00214228       0.00321342       0.00437383       0.00638222       0.00830135 
       0.0121842         0.017897        0.0252165        0.0338302        0.0440507        0.0554316        0.0696688        0.0821655 
       0.0964027         0.111443         0.127377          0.14264         0.158529          0.17473         0.191377         0.207132 
        0.223244         0.240784         0.257163         0.272784         0.288762         0.305722          0.32161         0.340311 
        0.357895         0.376908         0.395742         0.414353         0.433321         0.455949         0.479782         0.504999 
        0.530394         0.554628         0.581184         0.609123         0.633313         0.659734         0.684683         0.708694 
         0.73092         0.754173         0.775685         0.798491         0.817906         0.839239         0.857761         0.878425 
        0.897483         0.914353         0.930733           0.9468         0.960011         0.970901         0.979247         0.985807 
         0.99027         0.993618         0.995537         0.996876         0.997724         0.998259          0.99875         0.999018 
         0.99942         0.999643         0.999732         0.999777         0.999911                1                1 

ECAL_shower_profile_y_bin 9  100         -1         1
               0      0.000106281      0.000106281      0.000212562      0.000212562      0.000212562      0.000212562      0.000318844 
     0.000318844      0.000531406      0.000637687       0.00085025       0.00106281       0.00159422        0.0017005       0.00212562 
      0.00223191       0.00233819       0.00286959       0.00329472       0.00414497       0.00499522       0.00595175       0.00743969 
      0.00882134        0.0100967        0.0119035        0.0146668        0.0178552        0.0213625        0.0277394        0.0343288 
       0.0431502        0.0534595        0.0630248        0.0750345        0.0870443         0.100542          0.11489         0.129876 
        0.144117         0.158784         0.174301         0.189074         0.205867         0.227442         0.246147         0.266341 
        0.287278         0.307684         0.328409         0.347433         0.369752         0.390371         0.410671         0.430226 
        0.453183         0.473908         0.492932         0.514401         0.533107         0.554363         0.575725          0.59932 
        0.621214         0.642257         0.665002         0.688065          0.71049         0.731746          0.75194         0.772027 
        0.793496         0.814752         0.834095         0.852588         0.869912         0.889255         0.906685         0.923371 
        0.938144         0.950367         0.962802         0.971092         0.977787         0.982357         0.986927         0.989691 
        0.992135         0.993836         0.995642         0.997343         0.997874         0.998512         0.998725         0.998831 
        0.999256         0.999469         0.999681                1                1 



