# HCAL bin number, Number of associated ECAL bins, list of associated ECAL bins
                0,                             23, 1, 2, 3, 4, 11, 12, 13, 14, 15, 21, 22, 23, 24, 25, 30, 31, 32, 33, 34, 36, 44, 54, 63
                1,                             33, 1, 2, 3, 4, 5, 10, 11, 12, 13, 14, 15, 20, 21, 22, 23, 24, 25, 30, 31, 32, 33, 34, 35, 40, 41, 42, 43, 44, 45, 51, 52, 53, 71
                2,                             34, 0, 2, 3, 10, 11, 12, 13, 14, 20, 21, 22, 23, 24, 25, 30, 31, 32, 33, 34, 40, 41, 42, 43, 44, 46, 50, 51, 52, 53, 60, 61, 62, 64, 65
                3,                             22, 0, 12, 20, 21, 22, 30, 31, 32, 33, 40, 41, 42, 43, 50, 51, 52, 53, 55, 60, 61, 62, 70
                4,                             12, 21, 30, 31, 33, 40, 41, 50, 51, 60, 61, 71, 74
                5,                             34, 2, 3, 4, 5, 10, 11, 12, 13, 14, 15, 16, 20, 21, 22, 23, 24, 25, 26, 31, 32, 33, 34, 35, 36, 43, 44, 45, 46, 51, 52, 54, 55, 57, 67
                6,                             44, 0, 2, 3, 4, 11, 12, 13, 14, 15, 20, 21, 22, 23, 24, 25, 26, 30, 31, 32, 33, 34, 35, 36, 41, 42, 43, 44, 45, 46, 47, 51, 52, 53, 54, 55, 56, 57, 63, 64, 65, 66, 67, 75, 83
                7,                             44, 11, 12, 13, 14, 21, 22, 23, 24, 25, 30, 31, 32, 33, 34, 35, 36, 40, 41, 42, 43, 44, 45, 46, 50, 51, 52, 53, 54, 55, 60, 61, 62, 63, 64, 65, 66, 70, 71, 72, 83, 85, 94, 102, 103
                8,                             27, 22, 23, 30, 31, 32, 40, 41, 42, 43, 44, 45, 50, 51, 52, 53, 54, 55, 60, 61, 62, 63, 70, 71, 72, 73, 74, 81
                9,                             18, 23, 32, 40, 41, 42, 50, 51, 52, 53, 60, 61, 62, 63, 70, 71, 72, 80, 81
               10,                             40, 12, 13, 14, 15, 16, 21, 22, 23, 24, 25, 26, 32, 33, 34, 35, 36, 37, 42, 43, 44, 45, 46, 47, 54, 55, 56, 57, 58, 64, 65, 66, 67, 68, 73, 75, 76, 77, 98, 101, 107
               11,                             54, 12, 13, 14, 15, 16, 20, 21, 22, 23, 24, 25, 26, 32, 33, 34, 35, 36, 37, 41, 42, 43, 44, 45, 46, 47, 51, 52, 53, 54, 55, 56, 57, 62, 63, 64, 65, 66, 67, 68, 72, 73, 74, 75, 76, 77, 83, 84, 85, 86, 87, 93, 95, 104, 108
               12,                             48, 13, 23, 24, 31, 32, 33, 34, 35, 36, 37, 41, 42, 43, 44, 45, 46, 47, 51, 52, 53, 54, 55, 56, 57, 58, 60, 61, 62, 63, 64, 65, 66, 71, 72, 73, 74, 75, 76, 77, 81, 82, 83, 84, 85, 92, 94, 95, 103
               13,                             37, 21, 32, 34, 41, 42, 43, 44, 50, 51, 52, 53, 54, 56, 60, 61, 62, 63, 64, 65, 70, 71, 72, 73, 74, 75, 77, 80, 81, 82, 83, 84, 91, 92, 93, 94, 95, 102
               14,                             25, 24, 40, 41, 43, 51, 52, 53, 60, 61, 62, 63, 70, 71, 72, 73, 74, 80, 81, 82, 83, 84, 90, 91, 92, 104
               15,                             31, 24, 35, 36, 37, 44, 45, 46, 47, 53, 54, 55, 56, 57, 58, 65, 66, 67, 68, 74, 75, 76, 77, 78, 84, 85, 86, 87, 88, 96, 97, 98
               16,                             50, 24, 25, 34, 35, 36, 37, 43, 44, 45, 46, 47, 53, 54, 55, 56, 57, 58, 61, 63, 64, 65, 66, 67, 68, 72, 73, 74, 75, 76, 77, 78, 83, 84, 85, 86, 87, 88, 93, 94, 95, 96, 97, 102, 103, 104, 105, 106, 107, 117, 128
               17,                             54, 24, 31, 33, 34, 37, 41, 42, 43, 44, 45, 47, 51, 52, 53, 54, 55, 56, 57, 60, 61, 62, 63, 64, 65, 66, 67, 70, 71, 72, 73, 74, 75, 76, 77, 81, 82, 83, 84, 85, 86, 87, 92, 93, 94, 95, 96, 97, 101, 102, 103, 104, 105, 106, 112
               18,                             38, 42, 61, 62, 63, 64, 65, 67, 71, 72, 73, 74, 75, 76, 80, 81, 82, 83, 84, 85, 86, 90, 91, 92, 93, 94, 95, 96, 100, 101, 102, 103, 104, 107, 111, 112, 113, 114, 135
               19,                             25, 50, 61, 62, 64, 70, 71, 72, 73, 75, 76, 80, 81, 82, 83, 84, 85, 90, 91, 92, 93, 95, 101, 102, 103, 112
               20,                             37, 46, 47, 56, 57, 58, 64, 65, 66, 67, 68, 73, 75, 76, 77, 78, 85, 86, 87, 88, 95, 96, 97, 98, 105, 106, 107, 108, 115, 116, 117, 118, 125, 126, 128, 136, 137, 146
               21,                             48, 34, 45, 47, 52, 54, 55, 56, 57, 58, 64, 65, 66, 67, 68, 74, 75, 76, 77, 78, 83, 84, 85, 86, 87, 88, 93, 94, 95, 96, 97, 98, 102, 103, 104, 105, 106, 107, 108, 113, 114, 115, 116, 117, 118, 125, 126, 127, 128
               22,                             59, 52, 53, 54, 57, 58, 63, 64, 65, 66, 68, 72, 73, 74, 75, 76, 77, 78, 82, 83, 84, 85, 86, 87, 88, 91, 92, 93, 94, 95, 96, 97, 98, 101, 102, 103, 104, 105, 106, 107, 111, 112, 113, 114, 115, 116, 117, 118, 121, 122, 124, 125, 126, 127, 132, 133, 134, 135, 144, 185
               23,                             38, 51, 56, 57, 64, 66, 70, 72, 73, 74, 75, 80, 81, 82, 83, 84, 85, 91, 92, 93, 94, 95, 96, 101, 102, 103, 104, 105, 111, 112, 113, 114, 115, 118, 121, 122, 123, 124, 132
               24,                             32, 42, 52, 56, 60, 66, 70, 73, 81, 82, 83, 84, 90, 91, 92, 93, 94, 95, 101, 102, 103, 105, 111, 112, 113, 114, 121, 122, 123, 124, 131, 132, 140
               25,                             32, 76, 77, 78, 86, 87, 88, 95, 96, 97, 98, 105, 106, 107, 108, 115, 116, 117, 118, 125, 126, 127, 128, 134, 135, 136, 137, 138, 145, 146, 147, 148, 158
               26,                             54, 67, 68, 74, 75, 76, 77, 78, 85, 86, 87, 88, 94, 95, 96, 97, 98, 102, 103, 104, 105, 106, 107, 108, 112, 113, 114, 115, 116, 117, 118, 123, 124, 125, 126, 127, 128, 131, 134, 135, 136, 137, 138, 144, 145, 146, 147, 148, 154, 157, 158, 166, 168, 176, 184
               27,                             54, 66, 68, 74, 77, 78, 81, 83, 85, 86, 88, 92, 93, 94, 95, 96, 97, 98, 102, 103, 104, 105, 106, 107, 111, 112, 113, 114, 115, 116, 117, 118, 122, 123, 124, 125, 126, 127, 130, 131, 132, 133, 134, 135, 136, 137, 138, 143, 144, 145, 146, 152, 154, 155, 166
               28,                             42, 81, 82, 83, 84, 92, 93, 94, 95, 96, 100, 101, 102, 103, 104, 105, 111, 112, 113, 114, 115, 116, 120, 121, 122, 123, 124, 125, 126, 127, 130, 131, 132, 133, 134, 135, 136, 141, 142, 143, 144, 145, 155
               29,                             25, 82, 83, 84, 91, 92, 93, 101, 102, 103, 110, 111, 112, 113, 120, 121, 122, 123, 124, 131, 132, 133, 134, 142, 143, 164
               30,                             35, 96, 97, 98, 107, 108, 116, 117, 118, 125, 126, 127, 128, 134, 135, 136, 137, 138, 145, 146, 147, 148, 154, 155, 156, 157, 158, 164, 165, 166, 167, 168, 176, 177, 178, 187
               31,                             56, 76, 77, 85, 93, 95, 96, 97, 105, 106, 107, 108, 114, 115, 116, 117, 118, 123, 124, 125, 126, 127, 128, 131, 133, 134, 135, 136, 137, 138, 142, 143, 144, 145, 146, 147, 148, 151, 153, 154, 155, 156, 157, 158, 161, 162, 163, 164, 165, 166, 167, 168, 173, 176, 177, 204, 211
               32,                             57, 34, 82, 95, 98, 102, 103, 104, 105, 107, 111, 112, 113, 114, 115, 116, 117, 118, 121, 122, 123, 124, 125, 126, 127, 128, 130, 131, 132, 133, 134, 135, 136, 137, 138, 141, 142, 143, 144, 145, 146, 147, 148, 151, 152, 153, 154, 155, 156, 157, 158, 163, 164, 165, 166, 167, 174, 184
               33,                             42, 74, 92, 95, 102, 103, 104, 106, 107, 111, 112, 113, 114, 115, 120, 121, 122, 123, 124, 125, 130, 131, 132, 133, 134, 135, 140, 141, 142, 143, 144, 145, 150, 151, 152, 153, 154, 155, 160, 162, 176, 180, 200
               34,                             23, 104, 111, 112, 113, 120, 121, 122, 123, 124, 130, 131, 132, 133, 140, 141, 142, 143, 146, 151, 152, 161, 162, 172
               35,                             37, 118, 126, 127, 136, 137, 138, 144, 145, 146, 147, 148, 153, 154, 155, 156, 157, 158, 164, 165, 166, 167, 168, 174, 175, 176, 177, 178, 183, 184, 185, 186, 187, 193, 195, 196, 205, 214
               36,                             49, 117, 123, 124, 125, 126, 127, 133, 134, 135, 136, 137, 138, 143, 144, 145, 146, 147, 148, 150, 152, 153, 154, 155, 156, 157, 158, 163, 164, 165, 166, 167, 168, 171, 172, 173, 174, 175, 176, 177, 178, 183, 184, 185, 186, 187, 194, 195, 196, 201
               37,                             59, 95, 103, 114, 115, 116, 122, 123, 124, 125, 126, 127, 131, 132, 133, 134, 135, 136, 137, 141, 142, 143, 144, 145, 146, 147, 148, 150, 151, 152, 153, 154, 155, 156, 157, 158, 160, 161, 162, 163, 164, 165, 166, 167, 170, 171, 172, 173, 174, 175, 176, 180, 182, 183, 184, 185, 186, 190, 193, 195
               38,                             40, 96, 106, 115, 116, 120, 121, 122, 123, 124, 125, 130, 131, 132, 133, 134, 140, 141, 142, 143, 144, 145, 150, 151, 152, 153, 154, 155, 156, 160, 161, 162, 163, 164, 170, 171, 172, 174, 184, 193, 195
               39,                             22, 122, 123, 124, 130, 131, 132, 133, 134, 140, 141, 142, 143, 150, 151, 152, 155, 160, 161, 162, 163, 171, 172
               40,                             40, 122, 136, 147, 154, 155, 156, 157, 158, 163, 164, 165, 166, 167, 168, 172, 173, 174, 175, 176, 177, 178, 182, 183, 184, 185, 186, 187, 192, 193, 194, 195, 196, 197, 202, 203, 204, 205, 206, 214, 215
               41,                             53, 114, 124, 135, 138, 147, 151, 152, 153, 154, 155, 156, 157, 161, 162, 163, 164, 165, 166, 167, 168, 170, 171, 172, 173, 174, 175, 176, 177, 178, 181, 182, 183, 184, 185, 186, 187, 190, 191, 192, 193, 194, 195, 196, 197, 201, 202, 203, 204, 205, 206, 212, 214, 215
               42,                             46, 133, 135, 141, 142, 143, 144, 146, 150, 151, 152, 153, 154, 155, 156, 160, 161, 162, 163, 164, 165, 166, 170, 171, 172, 173, 174, 175, 176, 180, 181, 182, 183, 184, 185, 186, 190, 191, 192, 193, 194, 195, 200, 201, 202, 203, 211
               43,                             32, 125, 135, 136, 140, 141, 142, 143, 145, 150, 151, 152, 153, 154, 160, 161, 162, 163, 164, 170, 171, 172, 173, 174, 175, 180, 181, 182, 183, 184, 191, 193, 221
               44,                             20, 85, 140, 141, 142, 144, 148, 150, 151, 152, 153, 160, 161, 162, 163, 170, 171, 173, 180, 181, 182
               45,                             37, 165, 167, 173, 175, 180, 181, 183, 184, 185, 186, 187, 190, 191, 192, 193, 194, 195, 196, 197, 200, 201, 202, 203, 204, 205, 206, 210, 211, 212, 213, 214, 215, 221, 222, 223, 224, 225
               46,                             51, 116, 143, 150, 153, 156, 157, 161, 162, 164, 167, 170, 171, 172, 173, 174, 175, 176, 180, 181, 182, 183, 184, 185, 186, 187, 190, 191, 192, 193, 194, 195, 196, 197, 200, 201, 202, 203, 204, 205, 206, 210, 211, 212, 213, 214, 215, 221, 222, 223, 224, 225
               47,                             38, 108, 150, 154, 155, 160, 161, 162, 163, 164, 170, 171, 172, 173, 174, 175, 177, 180, 181, 182, 183, 184, 185, 190, 191, 192, 193, 194, 195, 200, 201, 202, 203, 204, 210, 211, 212, 215, 222
               48,                             21, 140, 150, 151, 152, 153, 160, 161, 162, 170, 171, 172, 173, 180, 181, 182, 183, 190, 191, 192, 200, 212
               49,                             14, 151, 160, 161, 163, 170, 171, 172, 173, 180, 181, 182, 190, 191, 201
               50,                             24, 180, 181, 186, 191, 192, 193, 194, 200, 201, 202, 203, 204, 205, 210, 211, 212, 213, 214, 215, 220, 221, 222, 223, 224
               51,                             30, 164, 171, 172, 173, 180, 181, 182, 184, 185, 190, 191, 192, 193, 194, 200, 201, 202, 203, 204, 205, 210, 211, 212, 213, 214, 220, 221, 222, 223, 224
               52,                             24, 142, 165, 171, 172, 174, 180, 181, 182, 184, 185, 190, 191, 192, 193, 200, 201, 202, 203, 210, 211, 212, 213, 221, 222
               53,                             12, 161, 170, 173, 180, 181, 182, 190, 191, 200, 201, 202, 212
               54,                              5, 161, 171, 180, 181, 201
