# Format:    global bin number,    X bin number,    Y bin number,     X bin center (m),     Y bin center (m),   Number of clusters, List of clusters
                             0,               0,               0,             -0.50094,             -1.38635,                    8, 0, 1, 2, 10, 11, 12, 20, 21
                             1,               1,               0,             -0.37218,             -1.38635,                    9, 3, 4, 5, 13, 14, 15, 22, 23, 24
                             2,               2,               0,             -0.24342,             -1.38635,                    9, 6, 7, 8, 16, 17, 18, 25, 26, 27
                             3,               3,               0,             -0.11466,             -1.38635,                    5, 9, 19, 28, 29, 30
                             4,               4,               0,               0.0141,             -1.38635,                    3, 31, 32, 33
                             5,               5,               0,              0.14286,             -1.38635,                    2, 34, 35
                            10,               0,               1,             -0.50094,             -1.25755,                    7, 36, 37, 52, 53, 68, 69, 70
                            11,               1,               1,             -0.37218,             -1.25755,                    9, 38, 39, 40, 54, 55, 56, 71, 72, 73
                            12,               2,               1,             -0.24342,             -1.25755,                    9, 41, 42, 43, 57, 58, 59, 74, 75, 76
                            13,               3,               1,             -0.11466,             -1.25755,                    9, 44, 45, 46, 60, 61, 62, 77, 78, 79
                            14,               4,               1,               0.0141,             -1.25755,                    9, 47, 48, 49, 63, 64, 65, 80, 81, 82
                            15,               5,               1,              0.14286,             -1.25755,                    7, 50, 51, 66, 67, 83, 84, 85
                            16,               6,               1,              0.27162,             -1.25755,                    1, 86
                            20,               0,               2,             -0.50094,             -1.12877,                    8, 87, 88, 89, 106, 107, 108, 125, 126
                            21,               1,               2,             -0.37218,             -1.12877,                    9, 90, 91, 92, 109, 110, 111, 127, 128, 129
                            22,               2,               2,             -0.24342,             -1.12877,                    9, 93, 94, 95, 112, 113, 114, 130, 131, 132
                            23,               3,               2,             -0.11466,             -1.12877,                    9, 96, 97, 98, 115, 116, 117, 133, 134, 135
                            24,               4,               2,               0.0141,             -1.12877,                    9, 99, 100, 101, 118, 119, 120, 136, 137, 138
                            25,               5,               2,              0.14286,             -1.12877,                    9, 102, 103, 104, 121, 122, 123, 139, 140, 141
                            26,               6,               2,              0.27162,             -1.12877,                    4, 105, 124, 142, 143
                            30,               0,               3,             -0.50094,            -0.999975,                    7, 144, 145, 163, 164, 182, 183, 184
                            31,               1,               3,             -0.37218,            -0.999975,                    9, 146, 147, 148, 165, 166, 167, 185, 186, 187
                            32,               2,               3,             -0.24342,            -0.999975,                    9, 149, 150, 151, 168, 169, 170, 188, 189, 190
                            33,               3,               3,             -0.11466,            -0.999975,                    9, 152, 153, 154, 171, 172, 173, 191, 192, 193
                            34,               4,               3,               0.0141,            -0.999975,                    9, 155, 156, 157, 174, 175, 176, 194, 195, 196
                            35,               5,               3,              0.14286,            -0.999975,                    9, 158, 159, 160, 177, 178, 179, 197, 198, 199
                            36,               6,               3,              0.27162,            -0.999975,                    7, 161, 162, 180, 181, 200, 201, 202
                            37,               7,               3,              0.40038,            -0.999975,                    1, 203
                            40,               0,               4,             -0.50094,            -0.871185,                    7, 204, 205, 206, 226, 227, 228, 248
                            41,               1,               4,             -0.37218,            -0.871185,                    9, 207, 208, 209, 229, 230, 231, 249, 250, 251
                            42,               2,               4,             -0.24342,            -0.871185,                    9, 210, 211, 212, 232, 233, 234, 252, 253, 254
                            43,               3,               4,             -0.11466,            -0.871185,                    9, 213, 214, 215, 235, 236, 237, 255, 256, 257
                            44,               4,               4,               0.0141,            -0.871185,                    9, 216, 217, 218, 238, 239, 240, 258, 259, 260
                            45,               5,               4,              0.14286,            -0.871185,                    9, 219, 220, 221, 241, 242, 243, 261, 262, 263
                            46,               6,               4,              0.27162,            -0.871185,                    9, 222, 223, 224, 244, 245, 246, 264, 265, 266
                            47,               7,               4,              0.40038,            -0.871185,                    5, 225, 247, 267, 268, 269
                            50,               0,               5,             -0.50094,            -0.742395,                    3, 270, 292, 314
                            51,               1,               5,             -0.37218,            -0.742395,                    9, 271, 272, 273, 293, 294, 295, 315, 316, 317
                            52,               2,               5,             -0.24342,            -0.742395,                    9, 274, 275, 276, 296, 297, 298, 318, 319, 320
                            53,               3,               5,             -0.11466,            -0.742395,                    9, 277, 278, 279, 299, 300, 301, 321, 322, 323
                            54,               4,               5,               0.0141,            -0.742395,                    9, 280, 281, 282, 302, 303, 304, 324, 325, 326
                            55,               5,               5,              0.14286,            -0.742395,                    9, 283, 284, 285, 305, 306, 307, 327, 328, 329
                            56,               6,               5,              0.27162,            -0.742395,                    9, 286, 287, 288, 308, 309, 310, 330, 331, 332
                            57,               7,               5,              0.40038,            -0.742395,                    9, 289, 290, 291, 311, 312, 313, 333, 334, 335
                            58,               8,               5,              0.52914,            -0.742395,                    3, 336, 337, 338
                            60,               0,               6,             -0.50094,            -0.613605,                    3, 339, 364, 389
                            61,               1,               6,             -0.37218,            -0.613605,                    9, 340, 341, 342, 365, 366, 367, 390, 391, 392
                            62,               2,               6,             -0.24342,            -0.613605,                    9, 343, 344, 345, 368, 369, 370, 393, 394, 395
                            63,               3,               6,             -0.11466,            -0.613605,                    9, 346, 347, 348, 371, 372, 373, 396, 397, 398
                            64,               4,               6,               0.0141,            -0.613605,                    9, 349, 350, 351, 374, 375, 376, 399, 400, 401
                            65,               5,               6,              0.14286,            -0.613605,                    9, 352, 353, 354, 377, 378, 379, 402, 403, 404
                            66,               6,               6,              0.27162,            -0.613605,                    9, 355, 356, 357, 380, 381, 382, 405, 406, 407
                            67,               7,               6,              0.40038,            -0.613605,                    9, 358, 359, 360, 383, 384, 385, 408, 409, 410
                            68,               8,               6,              0.52914,            -0.613605,                    9, 361, 362, 363, 386, 387, 388, 411, 412, 413
                            70,               0,               7,             -0.50094,            -0.484815,                    3, 414, 439, 464
                            71,               1,               7,             -0.37218,            -0.484815,                    9, 415, 416, 417, 440, 441, 442, 465, 466, 467
                            72,               2,               7,             -0.24342,            -0.484815,                    9, 418, 419, 420, 443, 444, 445, 468, 469, 470
                            73,               3,               7,             -0.11466,            -0.484815,                    9, 421, 422, 423, 446, 447, 448, 471, 472, 473
                            74,               4,               7,               0.0141,            -0.484815,                    9, 424, 425, 426, 449, 450, 451, 474, 475, 476
                            75,               5,               7,              0.14286,            -0.484815,                    9, 427, 428, 429, 452, 453, 454, 477, 478, 479
                            76,               6,               7,              0.27162,            -0.484815,                    9, 430, 431, 432, 455, 456, 457, 480, 481, 482
                            77,               7,               7,              0.40038,            -0.484815,                    9, 433, 434, 435, 458, 459, 460, 483, 484, 485
                            78,               8,               7,              0.52914,            -0.484815,                    9, 436, 437, 438, 461, 462, 463, 486, 487, 488
                            80,               0,               8,             -0.50094,            -0.356025,                    3, 489, 514, 539
                            81,               1,               8,             -0.37218,            -0.356025,                    9, 490, 491, 492, 515, 516, 517, 540, 541, 542
                            82,               2,               8,             -0.24342,            -0.356025,                    9, 493, 494, 495, 518, 519, 520, 543, 544, 545
                            83,               3,               8,             -0.11466,            -0.356025,                    9, 496, 497, 498, 521, 522, 523, 546, 547, 548
                            84,               4,               8,               0.0141,            -0.356025,                    9, 499, 500, 501, 524, 525, 526, 549, 550, 551
                            85,               5,               8,              0.14286,            -0.356025,                    9, 502, 503, 504, 527, 528, 529, 552, 553, 554
                            86,               6,               8,              0.27162,            -0.356025,                    9, 505, 506, 507, 530, 531, 532, 555, 556, 557
                            87,               7,               8,              0.40038,            -0.356025,                    9, 508, 509, 510, 533, 534, 535, 558, 559, 560
                            88,               8,               8,              0.52914,            -0.356025,                    9, 511, 512, 513, 536, 537, 538, 561, 562, 563
                            90,               0,               9,             -0.50094,            -0.227235,                    3, 564, 589, 614
                            91,               1,               9,             -0.37218,            -0.227235,                    9, 565, 566, 567, 590, 591, 592, 615, 616, 617
                            92,               2,               9,             -0.24342,            -0.227235,                    9, 568, 569, 570, 593, 594, 595, 618, 619, 620
                            93,               3,               9,             -0.11466,            -0.227235,                    9, 571, 572, 573, 596, 597, 598, 621, 622, 623
                            94,               4,               9,               0.0141,            -0.227235,                    9, 574, 575, 576, 599, 600, 601, 624, 625, 626
                            95,               5,               9,              0.14286,            -0.227235,                    9, 577, 578, 579, 602, 603, 604, 627, 628, 629
                            96,               6,               9,              0.27162,            -0.227235,                    9, 580, 581, 582, 605, 606, 607, 630, 631, 632
                            97,               7,               9,              0.40038,            -0.227235,                    9, 583, 584, 585, 608, 609, 610, 633, 634, 635
                            98,               8,               9,              0.52914,            -0.227235,                    9, 586, 587, 588, 611, 612, 613, 636, 637, 638
                           100,               0,              10,             -0.50094,            -0.098445,                    3, 639, 664, 689
                           101,               1,              10,             -0.37218,            -0.098445,                    9, 640, 641, 642, 665, 666, 667, 690, 691, 692
                           102,               2,              10,             -0.24342,            -0.098445,                    9, 643, 644, 645, 668, 669, 670, 693, 694, 695
                           103,               3,              10,             -0.11466,            -0.098445,                    9, 646, 647, 648, 671, 672, 673, 696, 697, 698
                           104,               4,              10,               0.0141,            -0.098445,                    9, 649, 650, 651, 674, 675, 676, 699, 700, 701
                           105,               5,              10,              0.14286,            -0.098445,                    9, 652, 653, 654, 677, 678, 679, 702, 703, 704
                           106,               6,              10,              0.27162,            -0.098445,                    9, 655, 656, 657, 680, 681, 682, 705, 706, 707
                           107,               7,              10,              0.40038,            -0.098445,                    9, 658, 659, 660, 683, 684, 685, 708, 709, 710
                           108,               8,              10,              0.52914,            -0.098445,                    9, 661, 662, 663, 686, 687, 688, 711, 712, 713
                           110,               0,              11,             -0.50094,             0.030345,                    3, 714, 739, 764
                           111,               1,              11,             -0.37218,             0.030345,                    9, 715, 716, 717, 740, 741, 742, 765, 766, 767
                           112,               2,              11,             -0.24342,             0.030345,                    9, 718, 719, 720, 743, 744, 745, 768, 769, 770
                           113,               3,              11,             -0.11466,             0.030345,                    9, 721, 722, 723, 746, 747, 748, 771, 772, 773
                           114,               4,              11,               0.0141,             0.030345,                    9, 724, 725, 726, 749, 750, 751, 774, 775, 776
                           115,               5,              11,              0.14286,             0.030345,                    9, 727, 728, 729, 752, 753, 754, 777, 778, 779
                           116,               6,              11,              0.27162,             0.030345,                    9, 730, 731, 732, 755, 756, 757, 780, 781, 782
                           117,               7,              11,              0.40038,             0.030345,                    9, 733, 734, 735, 758, 759, 760, 783, 784, 785
                           118,               8,              11,              0.52914,             0.030345,                    9, 736, 737, 738, 761, 762, 763, 786, 787, 788
                           120,               0,              12,             -0.50094,             0.159135,                    3, 789, 814, 839
                           121,               1,              12,             -0.37218,             0.159135,                    9, 790, 791, 792, 815, 816, 817, 840, 841, 842
                           122,               2,              12,             -0.24342,             0.159135,                    9, 793, 794, 795, 818, 819, 820, 843, 844, 845
                           123,               3,              12,             -0.11466,             0.159135,                    9, 796, 797, 798, 821, 822, 823, 846, 847, 848
                           124,               4,              12,               0.0141,             0.159135,                    9, 799, 800, 801, 824, 825, 826, 849, 850, 851
                           125,               5,              12,              0.14286,             0.159135,                    9, 802, 803, 804, 827, 828, 829, 852, 853, 854
                           126,               6,              12,              0.27162,             0.159135,                    9, 805, 806, 807, 830, 831, 832, 855, 856, 857
                           127,               7,              12,              0.40038,             0.159135,                    9, 808, 809, 810, 833, 834, 835, 858, 859, 860
                           128,               8,              12,              0.52914,             0.159135,                    9, 811, 812, 813, 836, 837, 838, 861, 862, 863
                           130,               0,              13,             -0.50094,             0.287925,                    3, 864, 889, 914
                           131,               1,              13,             -0.37218,             0.287925,                    9, 865, 866, 867, 890, 891, 892, 915, 916, 917
                           132,               2,              13,             -0.24342,             0.287925,                    9, 868, 869, 870, 893, 894, 895, 918, 919, 920
                           133,               3,              13,             -0.11466,             0.287925,                    9, 871, 872, 873, 896, 897, 898, 921, 922, 923
                           134,               4,              13,               0.0141,             0.287925,                    9, 874, 875, 876, 899, 900, 901, 924, 925, 926
                           135,               5,              13,              0.14286,             0.287925,                    9, 877, 878, 879, 902, 903, 904, 927, 928, 929
                           136,               6,              13,              0.27162,             0.287925,                    9, 880, 881, 882, 905, 906, 907, 930, 931, 932
                           137,               7,              13,              0.40038,             0.287925,                    9, 883, 884, 885, 908, 909, 910, 933, 934, 935
                           138,               8,              13,              0.52914,             0.287925,                    9, 886, 887, 888, 911, 912, 913, 936, 937, 938
                           140,               0,              14,             -0.50094,             0.416715,                    3, 939, 964, 989
                           141,               1,              14,             -0.37218,             0.416715,                    9, 940, 941, 942, 965, 966, 967, 990, 991, 992
                           142,               2,              14,             -0.24342,             0.416715,                    9, 943, 944, 945, 968, 969, 970, 993, 994, 995
                           143,               3,              14,             -0.11466,             0.416715,                    9, 946, 947, 948, 971, 972, 973, 996, 997, 998
                           144,               4,              14,               0.0141,             0.416715,                    9, 949, 950, 951, 974, 975, 976, 999, 1000, 1001
                           145,               5,              14,              0.14286,             0.416715,                    9, 952, 953, 954, 977, 978, 979, 1002, 1003, 1004
                           146,               6,              14,              0.27162,             0.416715,                    9, 955, 956, 957, 980, 981, 982, 1005, 1006, 1007
                           147,               7,              14,              0.40038,             0.416715,                    9, 958, 959, 960, 983, 984, 985, 1008, 1009, 1010
                           148,               8,              14,              0.52914,             0.416715,                    9, 961, 962, 963, 986, 987, 988, 1011, 1012, 1013
                           150,               0,              15,             -0.50094,             0.545505,                    3, 1014, 1039, 1064
                           151,               1,              15,             -0.37218,             0.545505,                    9, 1015, 1016, 1017, 1040, 1041, 1042, 1065, 1066, 1067
                           152,               2,              15,             -0.24342,             0.545505,                    9, 1018, 1019, 1020, 1043, 1044, 1045, 1068, 1069, 1070
                           153,               3,              15,             -0.11466,             0.545505,                    9, 1021, 1022, 1023, 1046, 1047, 1048, 1071, 1072, 1073
                           154,               4,              15,               0.0141,             0.545505,                    9, 1024, 1025, 1026, 1049, 1050, 1051, 1074, 1075, 1076
                           155,               5,              15,              0.14286,             0.545505,                    9, 1027, 1028, 1029, 1052, 1053, 1054, 1077, 1078, 1079
                           156,               6,              15,              0.27162,             0.545505,                    9, 1030, 1031, 1032, 1055, 1056, 1057, 1080, 1081, 1082
                           157,               7,              15,              0.40038,             0.545505,                    9, 1033, 1034, 1035, 1058, 1059, 1060, 1083, 1084, 1085
                           158,               8,              15,              0.52914,             0.545505,                    9, 1036, 1037, 1038, 1061, 1062, 1063, 1086, 1087, 1088
                           160,               0,              16,             -0.50094,             0.674295,                    3, 1089, 1114, 1139
                           161,               1,              16,             -0.37218,             0.674295,                    9, 1090, 1091, 1092, 1115, 1116, 1117, 1140, 1141, 1142
                           162,               2,              16,             -0.24342,             0.674295,                    9, 1093, 1094, 1095, 1118, 1119, 1120, 1143, 1144, 1145
                           163,               3,              16,             -0.11466,             0.674295,                    9, 1096, 1097, 1098, 1121, 1122, 1123, 1146, 1147, 1148
                           164,               4,              16,               0.0141,             0.674295,                    9, 1099, 1100, 1101, 1124, 1125, 1126, 1149, 1150, 1151
                           165,               5,              16,              0.14286,             0.674295,                    9, 1102, 1103, 1104, 1127, 1128, 1129, 1152, 1153, 1154
                           166,               6,              16,              0.27162,             0.674295,                    9, 1105, 1106, 1107, 1130, 1131, 1132, 1155, 1156, 1157
                           167,               7,              16,              0.40038,             0.674295,                    9, 1108, 1109, 1110, 1133, 1134, 1135, 1158, 1159, 1160
                           168,               8,              16,              0.52914,             0.674295,                    9, 1111, 1112, 1113, 1136, 1137, 1138, 1161, 1162, 1163
                           170,               0,              17,             -0.50094,             0.803085,                    3, 1164, 1189, 1214
                           171,               1,              17,             -0.37218,             0.803085,                    9, 1165, 1166, 1167, 1190, 1191, 1192, 1215, 1216, 1217
                           172,               2,              17,             -0.24342,             0.803085,                    9, 1168, 1169, 1170, 1193, 1194, 1195, 1218, 1219, 1220
                           173,               3,              17,             -0.11466,             0.803085,                    9, 1171, 1172, 1173, 1196, 1197, 1198, 1221, 1222, 1223
                           174,               4,              17,               0.0141,             0.803085,                    9, 1174, 1175, 1176, 1199, 1200, 1201, 1224, 1225, 1226
                           175,               5,              17,              0.14286,             0.803085,                    9, 1177, 1178, 1179, 1202, 1203, 1204, 1227, 1228, 1229
                           176,               6,              17,              0.27162,             0.803085,                    9, 1180, 1181, 1182, 1205, 1206, 1207, 1230, 1231, 1232
                           177,               7,              17,              0.40038,             0.803085,                    9, 1183, 1184, 1185, 1208, 1209, 1210, 1233, 1234, 1235
                           178,               8,              17,              0.52914,             0.803085,                    6, 1186, 1187, 1188, 1211, 1212, 1213
                           180,               0,              18,             -0.50094,             0.931875,                    5, 1236, 1258, 1280, 1281, 1282
                           181,               1,              18,             -0.37218,             0.931875,                    9, 1237, 1238, 1239, 1259, 1260, 1261, 1283, 1284, 1285
                           182,               2,              18,             -0.24342,             0.931875,                    9, 1240, 1241, 1242, 1262, 1263, 1264, 1286, 1287, 1288
                           183,               3,              18,             -0.11466,             0.931875,                    9, 1243, 1244, 1245, 1265, 1266, 1267, 1289, 1290, 1291
                           184,               4,              18,               0.0141,             0.931875,                    9, 1246, 1247, 1248, 1268, 1269, 1270, 1292, 1293, 1294
                           185,               5,              18,              0.14286,             0.931875,                    9, 1249, 1250, 1251, 1271, 1272, 1273, 1295, 1296, 1297
                           186,               6,              18,              0.27162,             0.931875,                    9, 1252, 1253, 1254, 1274, 1275, 1276, 1298, 1299, 1300
                           187,               7,              18,              0.40038,             0.931875,                    7, 1255, 1256, 1257, 1277, 1278, 1279, 1301
                           190,               0,              19,             -0.50094,              1.06067,                    8, 1302, 1303, 1304, 1324, 1325, 1326, 1346, 1347
                           191,               1,              19,             -0.37218,              1.06067,                    9, 1305, 1306, 1307, 1327, 1328, 1329, 1348, 1349, 1350
                           192,               2,              19,             -0.24342,              1.06067,                    9, 1308, 1309, 1310, 1330, 1331, 1332, 1351, 1352, 1353
                           193,               3,              19,             -0.11466,              1.06067,                    9, 1311, 1312, 1313, 1333, 1334, 1335, 1354, 1355, 1356
                           194,               4,              19,               0.0141,              1.06067,                    9, 1314, 1315, 1316, 1336, 1337, 1338, 1357, 1358, 1359
                           195,               5,              19,              0.14286,              1.06067,                    9, 1317, 1318, 1319, 1339, 1340, 1341, 1360, 1361, 1362
                           196,               6,              19,              0.27162,              1.06067,                    8, 1320, 1321, 1322, 1342, 1343, 1344, 1363, 1364
                           197,               7,              19,              0.40038,              1.06067,                    2, 1323, 1345
                           200,               0,              20,             -0.50094,              1.18946,                    7, 1365, 1366, 1384, 1385, 1403, 1404, 1405
                           201,               1,              20,             -0.37218,              1.18946,                    9, 1367, 1368, 1369, 1386, 1387, 1388, 1406, 1407, 1408
                           202,               2,              20,             -0.24342,              1.18946,                    9, 1370, 1371, 1372, 1389, 1390, 1391, 1409, 1410, 1411
                           203,               3,              20,             -0.11466,              1.18946,                    9, 1373, 1374, 1375, 1392, 1393, 1394, 1412, 1413, 1414
                           204,               4,              20,               0.0141,              1.18946,                    9, 1376, 1377, 1378, 1395, 1396, 1397, 1415, 1416, 1417
                           205,               5,              20,              0.14286,              1.18946,                    9, 1379, 1380, 1381, 1398, 1399, 1400, 1418, 1419, 1420
                           206,               6,              20,              0.27162,              1.18946,                    5, 1382, 1383, 1401, 1402, 1421
                           210,               0,              21,             -0.50094,              1.31825,                    8, 1422, 1423, 1424, 1441, 1442, 1443, 1460, 1461
                           211,               1,              21,             -0.37218,              1.31825,                    9, 1425, 1426, 1427, 1444, 1445, 1446, 1462, 1463, 1464
                           212,               2,              21,             -0.24342,              1.31825,                    9, 1428, 1429, 1430, 1447, 1448, 1449, 1465, 1466, 1467
                           213,               3,              21,             -0.11466,              1.31825,                    9, 1431, 1432, 1433, 1450, 1451, 1452, 1468, 1469, 1470
                           214,               4,              21,               0.0141,              1.31825,                    9, 1434, 1435, 1436, 1453, 1454, 1455, 1471, 1472, 1473
                           215,               5,              21,              0.14286,              1.31825,                    8, 1437, 1438, 1439, 1456, 1457, 1458, 1474, 1475
                           216,               6,              21,              0.27162,              1.31825,                    2, 1440, 1459
                           220,               0,              22,             -0.50094,              1.44704,                    2, 1476, 1477
                           221,               1,              22,             -0.37218,              1.44704,                    3, 1478, 1479, 1480
                           222,               2,              22,             -0.24342,              1.44704,                    3, 1481, 1482, 1483
                           223,               3,              22,             -0.11466,              1.44704,                    3, 1484, 1485, 1486
                           224,               4,              22,               0.0141,              1.44704,                    3, 1487, 1488, 1489
                           225,               5,              22,              0.14286,              1.44704,                    2, 1490, 1491
