                0                32        0       1       2       3       9      10      11      12      18      19      20      21      27      28      29      30      42      43      44      45      57      58      59      60      72      73      74      75      90      91      92      93 
                1                32        2       3       4       5      11      12      13      14      20      21      22      23      29      30      31      32      44      45      46      47      59      60      61      62      74      75      76      77      92      93      94      95 
                2                32        4       5       6       7      13      14      15      16      22      23      24      25      31      32      33      34      46      47      48      49      61      62      63      64      76      77      78      79      94      95      96      97 
                3                29        6       7       8      15      16      17      24      25      26      33      34      35      36      48      49      50      51      63      64      65      66      78      79      80      81      96      97      98      99 
                4                23        8      17      26      35      36      37      38      50      51      52      53      65      66      67      68      80      81      82      83      98      99     100     101 
                5                20       37      38      39      40      52      53      54      55      67      68      69      70      82      83      84      85     100     101     102     103 
                6                17       39      40      41      54      55      56      69      70      71      84      85      86      87     102     103     104     105 
                7                32       42      43      44      45      57      58      59      60      72      73      74      75      90      91      92      93     108     109     110     111     126     127     128     129     147     148     149     150     168     169     170     171 
                8                32       44      45      46      47      59      60      61      62      74      75      76      77      92      93      94      95     110     111     112     113     128     129     130     131     149     150     151     152     170     171     172     173 
                9                32       46      47      48      49      61      62      63      64      76      77      78      79      94      95      96      97     112     113     114     115     130     131     132     133     151     152     153     154     172     173     174     175 
               10                32       48      49      50      51      63      64      65      66      78      79      80      81      96      97      98      99     114     115     116     117     132     133     134     135     153     154     155     156     174     175     176     177 
               11                32       50      51      52      53      65      66      67      68      80      81      82      83      98      99     100     101     116     117     118     119     134     135     136     137     155     156     157     158     176     177     178     179 
               12                32       52      53      54      55      67      68      69      70      82      83      84      85     100     101     102     103     118     119     120     121     136     137     138     139     157     158     159     160     178     179     180     181 
               13                30       54      55      56      69      70      71      84      85      86      87     102     103     104     105     120     121     122     123     138     139     140     141     159     160     161     162     180     181     182     183 
               14                26       56      71      86      87      88      89     104     105     106     107     122     123     124     125     140     141     142     143     161     162     163     164     182     183     184     185 
               15                18       88      89     106     107     124     125     142     143     144     145     163     164     165     166     184     185     186     187 
               16                31      108     109     110     111     126     127     128     129     147     148     149     150     168     169     170     171     189     190     191     192     213     214     215     216     237     238     239     240     261     262     263 
               17                32      110     111     112     113     128     129     130     131     149     150     151     152     170     171     172     173     191     192     193     194     215     216     217     218     239     240     241     242     262     263     264     265 
               18                32      112     113     114     115     130     131     132     133     151     152     153     154     172     173     174     175     193     194     195     196     217     218     219     220     241     242     243     244     264     265     266     267 
               19                32      114     115     116     117     132     133     134     135     153     154     155     156     174     175     176     177     195     196     197     198     219     220     221     222     243     244     245     246     266     267     268     269 
               20                32      116     117     118     119     134     135     136     137     155     156     157     158     176     177     178     179     197     198     199     200     221     222     223     224     245     246     247     248     268     269     270     271 
               21                32      118     119     120     121     136     137     138     139     157     158     159     160     178     179     180     181     199     200     201     202     223     224     225     226     247     248     249     250     270     271     272     273 
               22                32      120     121     122     123     138     139     140     141     159     160     161     162     180     181     182     183     201     202     203     204     225     226     227     228     249     250     251     252     272     273     274     275 
               23                32      122     123     124     125     140     141     142     143     161     162     163     164     182     183     184     185     203     204     205     206     227     228     229     230     251     252     253     254     274     275     276     277 
               24                30      124     125     142     143     144     145     163     164     165     166     184     185     186     187     205     206     207     208     229     230     231     232     253     254     255     256     276     277     278     279 
               25                25      144     145     146     165     166     167     186     187     188     207     208     209     210     231     232     233     234     255     256     257     258     278     279     280     281 
               26                19      146     167     188     209     210     211     212     233     234     235     236     257     258     259     260     280     281     282     283 
               27                25      189     190     191     192     213     214     215     216     237     238     239     240     261     262     263     285     286     287     309     310     311     333     334     360     361 
               28                32      191     192     193     194     215     216     217     218     239     240     241     242     262     263     264     265     286     287     288     289     310     311     312     313     333     334     335     336     360     361     362     363 
               29                32      193     194     195     196     217     218     219     220     241     242     243     244     264     265     266     267     288     289     290     291     312     313     314     315     335     336     337     338     362     363     364     365 
               30                32      195     196     197     198     219     220     221     222     243     244     245     246     266     267     268     269     290     291     292     293     314     315     316     317     337     338     339     340     364     365     366     367 
               31                32      197     198     199     200     221     222     223     224     245     246     247     248     268     269     270     271     292     293     294     295     316     317     318     319     339     340     341     342     366     367     368     369 
               32                32      199     200     201     202     223     224     225     226     247     248     249     250     270     271     272     273     294     295     296     297     318     319     320     321     341     342     343     344     368     369     370     371 
               33                32      201     202     203     204     225     226     227     228     249     250     251     252     272     273     274     275     296     297     298     299     320     321     322     323     343     344     345     346     370     371     372     373 
               34                32      203     204     205     206     227     228     229     230     251     252     253     254     274     275     276     277     298     299     300     301     322     323     324     325     345     346     347     348     372     373     374     375 
               35                32      205     206     207     208     229     230     231     232     253     254     255     256     276     277     278     279     300     301     302     303     324     325     326     327     347     348     349     350     374     375     376     377 
               36                32      207     208     209     210     231     232     233     234     255     256     257     258     278     279     280     281     302     303     304     305     326     327     328     329     349     350     351     352     376     377     378     379 
               37                32      209     210     211     212     233     234     235     236     257     258     259     260     280     281     282     283     304     305     306     307     328     329     330     331     351     352     353     354     378     379     380     381 
               38                23      211     212     235     236     259     260     282     283     284     306     307     308     330     331     332     353     354     355     356     380     381     382     383 
               39                18      285     286     287     309     310     311     333     334     360     361     387     388     414     415     441     442     468     469 
               40                32      286     287     288     289     310     311     312     313     333     334     335     336     360     361     362     363     387     388     389     390     414     415     416     417     441     442     443     444     468     469     470     471 
               41                32      288     289     290     291     312     313     314     315     335     336     337     338     362     363     364     365     389     390     391     392     416     417     418     419     443     444     445     446     470     471     472     473 
               42                32      290     291     292     293     314     315     316     317     337     338     339     340     364     365     366     367     391     392     393     394     418     419     420     421     445     446     447     448     472     473     474     475 
               43                32      292     293     294     295     316     317     318     319     339     340     341     342     366     367     368     369     393     394     395     396     420     421     422     423     447     448     449     450     474     475     476     477 
               44                32      294     295     296     297     318     319     320     321     341     342     343     344     368     369     370     371     395     396     397     398     422     423     424     425     449     450     451     452     476     477     478     479 
               45                32      296     297     298     299     320     321     322     323     343     344     345     346     370     371     372     373     397     398     399     400     424     425     426     427     451     452     453     454     478     479     480     481 
               46                32      298     299     300     301     322     323     324     325     345     346     347     348     372     373     374     375     399     400     401     402     426     427     428     429     453     454     455     456     480     481     482     483 
               47                32      300     301     302     303     324     325     326     327     347     348     349     350     374     375     376     377     401     402     403     404     428     429     430     431     455     456     457     458     482     483     484     485 
               48                32      302     303     304     305     326     327     328     329     349     350     351     352     376     377     378     379     403     404     405     406     430     431     432     433     457     458     459     460     484     485     486     487 
               49                32      304     305     306     307     328     329     330     331     351     352     353     354     378     379     380     381     405     406     407     408     432     433     434     435     459     460     461     462     486     487     488     489 
               50                30      306     307     308     330     331     332     353     354     355     356     380     381     382     383     407     408     409     410     434     435     436     437     461     462     463     464     488     489     490     491 
               51                26      308     332     355     356     357     358     382     383     384     385     409     410     411     412     436     437     438     439     463     464     465     466     490     491     492     493 
               52                18      357     358     359     384     385     386     411     412     413     438     439     440     465     466     467     492     493     494 
               53                32      387     388     389     390     414     415     416     417     441     442     443     444     468     469     470     471     495     496     497     498     522     523     524     525     549     550     551     552     576     577     578     579 
               54                32      389     390     391     392     416     417     418     419     443     444     445     446     470     471     472     473     497     498     499     500     524     525     526     527     551     552     553     554     578     579     580     581 
               55                32      391     392     393     394     418     419     420     421     445     446     447     448     472     473     474     475     499     500     501     502     526     527     528     529     553     554     555     556     580     581     582     583 
               56                32      393     394     395     396     420     421     422     423     447     448     449     450     474     475     476     477     501     502     503     504     528     529     530     531     555     556     557     558     582     583     584     585 
               57                32      395     396     397     398     422     423     424     425     449     450     451     452     476     477     478     479     503     504     505     506     530     531     532     533     557     558     559     560     584     585     586     587 
               58                32      397     398     399     400     424     425     426     427     451     452     453     454     478     479     480     481     505     506     507     508     532     533     534     535     559     560     561     562     586     587     588     589 
               59                32      399     400     401     402     426     427     428     429     453     454     455     456     480     481     482     483     507     508     509     510     534     535     536     537     561     562     563     564     588     589     590     591 
               60                32      401     402     403     404     428     429     430     431     455     456     457     458     482     483     484     485     509     510     511     512     536     537     538     539     563     564     565     566     590     591     592     593 
               61                32      403     404     405     406     430     431     432     433     457     458     459     460     484     485     486     487     511     512     513     514     538     539     540     541     565     566     567     568     592     593     594     595 
               62                32      405     406     407     408     432     433     434     435     459     460     461     462     486     487     488     489     513     514     515     516     540     541     542     543     567     568     569     570     594     595     596     597 
               63                32      407     408     409     410     434     435     436     437     461     462     463     464     488     489     490     491     515     516     517     518     542     543     544     545     569     570     571     572     596     597     598     599 
               64                32      409     410     411     412     436     437     438     439     463     464     465     466     490     491     492     493     517     518     519     520     544     545     546     547     571     572     573     574     598     599     600     601 
               65                24      411     412     413     438     439     440     465     466     467     492     493     494     519     520     521     546     547     548     573     574     575     600     601     602 
               66                24      495     496     497     498     522     523     524     525     549     550     551     552     576     577     578     579     603     604     605     606     630     631     632     633 
               67                24      497     498     499     500     524     525     526     527     551     552     553     554     578     579     580     581     605     606     607     608     632     633     634     635 
               68                24      499     500     501     502     526     527     528     529     553     554     555     556     580     581     582     583     607     608     609     610     634     635     636     637 
               69                24      501     502     503     504     528     529     530     531     555     556     557     558     582     583     584     585     609     610     611     612     636     637     638     639 
               70                24      503     504     505     506     530     531     532     533     557     558     559     560     584     585     586     587     611     612     613     614     638     639     640     641 
               71                24      505     506     507     508     532     533     534     535     559     560     561     562     586     587     588     589     613     614     615     616     640     641     642     643 
               72                24      507     508     509     510     534     535     536     537     561     562     563     564     588     589     590     591     615     616     617     618     642     643     644     645 
               73                24      509     510     511     512     536     537     538     539     563     564     565     566     590     591     592     593     617     618     619     620     644     645     646     647 
               74                24      511     512     513     514     538     539     540     541     565     566     567     568     592     593     594     595     619     620     621     622     646     647     648     649 
               75                24      513     514     515     516     540     541     542     543     567     568     569     570     594     595     596     597     621     622     623     624     648     649     650     651 
               76                24      515     516     517     518     542     543     544     545     569     570     571     572     596     597     598     599     623     624     625     626     650     651     652     653 
               77                24      517     518     519     520     544     545     546     547     571     572     573     574     598     599     600     601     625     626     627     628     652     653     654     655 
               78                18      519     520     521     546     547     548     573     574     575     600     601     602     627     628     629     654     655     656 
               79                24      603     604     605     606     630     631     632     633     657     658     659     660     684     685     686     687     711     712     713     714     738     739     740     741 
               80                24      605     606     607     608     632     633     634     635     659     660     661     662     686     687     688     689     713     714     715     716     740     741     742     743 
               81                24      607     608     609     610     634     635     636     637     661     662     663     664     688     689     690     691     715     716     717     718     742     743     744     745 
               82                24      609     610     611     612     636     637     638     639     663     664     665     666     690     691     692     693     717     718     719     720     744     745     746     747 
               83                24      611     612     613     614     638     639     640     641     665     666     667     668     692     693     694     695     719     720     721     722     746     747     748     749 
               84                24      613     614     615     616     640     641     642     643     667     668     669     670     694     695     696     697     721     722     723     724     748     749     750     751 
               85                24      615     616     617     618     642     643     644     645     669     670     671     672     696     697     698     699     723     724     725     726     750     751     752     753 
               86                24      617     618     619     620     644     645     646     647     671     672     673     674     698     699     700     701     725     726     727     728     752     753     754     755 
               87                24      619     620     621     622     646     647     648     649     673     674     675     676     700     701     702     703     727     728     729     730     754     755     756     757 
               88                24      621     622     623     624     648     649     650     651     675     676     677     678     702     703     704     705     729     730     731     732     756     757     758     759 
               89                24      623     624     625     626     650     651     652     653     677     678     679     680     704     705     706     707     731     732     733     734     758     759     760     761 
               90                24      625     626     627     628     652     653     654     655     679     680     681     682     706     707     708     709     733     734     735     736     760     761     762     763 
               91                22      627     628     629     654     655     656     679     680     681     682     706     707     708     709     733     734     735     736     760     761     762     763 
               92                32      657     658     659     660     684     685     686     687     711     712     713     714     738     739     740     741     765     766     767     768     792     793     794     795     819     820     821     822     846     847     848     849 
               93                32      659     660     661     662     686     687     688     689     713     714     715     716     740     741     742     743     767     768     769     770     794     795     796     797     821     822     823     824     848     849     850     851 
               94                32      661     662     663     664     688     689     690     691     715     716     717     718     742     743     744     745     769     770     771     772     796     797     798     799     823     824     825     826     850     851     852     853 
               95                32      663     664     665     666     690     691     692     693     717     718     719     720     744     745     746     747     771     772     773     774     798     799     800     801     825     826     827     828     852     853     854     855 
               96                32      665     666     667     668     692     693     694     695     719     720     721     722     746     747     748     749     773     774     775     776     800     801     802     803     827     828     829     830     854     855     856     857 
               97                32      667     668     669     670     694     695     696     697     721     722     723     724     748     749     750     751     775     776     777     778     802     803     804     805     829     830     831     832     856     857     858     859 
               98                32      669     670     671     672     696     697     698     699     723     724     725     726     750     751     752     753     777     778     779     780     804     805     806     807     831     832     833     834     858     859     860     861 
               99                32      671     672     673     674     698     699     700     701     725     726     727     728     752     753     754     755     779     780     781     782     806     807     808     809     833     834     835     836     860     861     862     863 
              100                32      673     674     675     676     700     701     702     703     727     728     729     730     754     755     756     757     781     782     783     784     808     809     810     811     835     836     837     838     862     863     864     865 
              101                32      675     676     677     678     702     703     704     705     729     730     731     732     756     757     758     759     783     784     785     786     810     811     812     813     837     838     839     840     864     865     866     867 
              102                32      677     678     679     680     704     705     706     707     731     732     733     734     758     759     760     761     785     786     787     788     812     813     814     815     839     840     841     842     866     867     868     869 
              103                32      679     680     681     682     706     707     708     709     733     734     735     736     760     761     762     763     787     788     789     790     814     815     816     817     841     842     843     844     868     869     870     871 
              104                24      681     682     683     708     709     710     735     736     737     762     763     764     789     790     791     816     817     818     843     844     845     870     871     872 
              105                32      765     766     767     768     792     793     794     795     819     820     821     822     846     847     848     849     873     874     875     876     900     901     902     903     927     928     929     930     954     955     956     957 
              106                32      767     768     769     770     794     795     796     797     821     822     823     824     848     849     850     851     875     876     877     878     902     903     904     905     929     930     931     932     956     957     958     959 
              107                32      769     770     771     772     796     797     798     799     823     824     825     826     850     851     852     853     877     878     879     880     904     905     906     907     931     932     933     934     958     959     960     961 
              108                32      771     772     773     774     798     799     800     801     825     826     827     828     852     853     854     855     879     880     881     882     906     907     908     909     933     934     935     936     960     961     962     963 
              109                32      773     774     775     776     800     801     802     803     827     828     829     830     854     855     856     857     881     882     883     884     908     909     910     911     935     936     937     938     962     963     964     965 
              110                32      775     776     777     778     802     803     804     805     829     830     831     832     856     857     858     859     883     884     885     886     910     911     912     913     937     938     939     940     964     965     966     967 
              111                32      777     778     779     780     804     805     806     807     831     832     833     834     858     859     860     861     885     886     887     888     912     913     914     915     939     940     941     942     966     967     968     969 
              112                32      779     780     781     782     806     807     808     809     833     834     835     836     860     861     862     863     887     888     889     890     914     915     916     917     941     942     943     944     968     969     970     971 
              113                32      781     782     783     784     808     809     810     811     835     836     837     838     862     863     864     865     889     890     891     892     916     917     918     919     943     944     945     946     970     971     972     973 
              114                32      783     784     785     786     810     811     812     813     837     838     839     840     864     865     866     867     891     892     893     894     918     919     920     921     945     946     947     948     972     973     974     975 
              115                32      785     786     787     788     812     813     814     815     839     840     841     842     866     867     868     869     893     894     895     896     920     921     922     923     947     948     949     950     974     975     976     977 
              116                32      787     788     789     790     814     815     816     817     841     842     843     844     868     869     870     871     895     896     897     898     922     923     924     925     949     950     951     952     976     977     978     979 
              117                24      789     790     791     816     817     818     843     844     845     870     871     872     897     898     899     924     925     926     951     952     953     978     979     980 
              118                32      873     874     875     876     900     901     902     903     927     928     929     930     954     955     956     957     981     982     983     984    1008    1009    1010    1011    1035    1036    1037    1038    1062    1063    1064    1065 
              119                32      875     876     877     878     902     903     904     905     929     930     931     932     956     957     958     959     983     984     985     986    1010    1011    1012    1013    1037    1038    1039    1040    1064    1065    1066    1067 
              120                32      877     878     879     880     904     905     906     907     931     932     933     934     958     959     960     961     985     986     987     988    1012    1013    1014    1015    1039    1040    1041    1042    1066    1067    1068    1069 
              121                32      879     880     881     882     906     907     908     909     933     934     935     936     960     961     962     963     987     988     989     990    1014    1015    1016    1017    1041    1042    1043    1044    1068    1069    1070    1071 
              122                32      881     882     883     884     908     909     910     911     935     936     937     938     962     963     964     965     989     990     991     992    1016    1017    1018    1019    1043    1044    1045    1046    1070    1071    1072    1073 
              123                32      883     884     885     886     910     911     912     913     937     938     939     940     964     965     966     967     991     992     993     994    1018    1019    1020    1021    1045    1046    1047    1048    1072    1073    1074    1075 
              124                32      885     886     887     888     912     913     914     915     939     940     941     942     966     967     968     969     993     994     995     996    1020    1021    1022    1023    1047    1048    1049    1050    1074    1075    1076    1077 
              125                32      887     888     889     890     914     915     916     917     941     942     943     944     968     969     970     971     995     996     997     998    1022    1023    1024    1025    1049    1050    1051    1052    1076    1077    1078    1079 
              126                32      889     890     891     892     916     917     918     919     943     944     945     946     970     971     972     973     997     998     999    1000    1024    1025    1026    1027    1051    1052    1053    1054    1078    1079    1080    1081 
              127                32      891     892     893     894     918     919     920     921     945     946     947     948     972     973     974     975     999    1000    1001    1002    1026    1027    1028    1029    1053    1054    1055    1056    1080    1081    1082    1083 
              128                32      893     894     895     896     920     921     922     923     947     948     949     950     974     975     976     977    1001    1002    1003    1004    1028    1029    1030    1031    1055    1056    1057    1058    1082    1083    1084    1085 
              129                32      895     896     897     898     922     923     924     925     949     950     951     952     976     977     978     979    1003    1004    1005    1006    1030    1031    1032    1033    1057    1058    1059    1060    1084    1085    1086    1087 
              130                24      897     898     899     924     925     926     951     952     953     978     979     980    1005    1006    1007    1032    1033    1034    1059    1060    1061    1086    1087    1088 
              131                32      981     982     983     984    1008    1009    1010    1011    1035    1036    1037    1038    1062    1063    1064    1065    1089    1090    1091    1092    1116    1117    1118    1119    1143    1144    1145    1146    1170    1171    1172    1173 
              132                32      983     984     985     986    1010    1011    1012    1013    1037    1038    1039    1040    1064    1065    1066    1067    1091    1092    1093    1094    1118    1119    1120    1121    1145    1146    1147    1148    1172    1173    1174    1175 
              133                32      985     986     987     988    1012    1013    1014    1015    1039    1040    1041    1042    1066    1067    1068    1069    1093    1094    1095    1096    1120    1121    1122    1123    1147    1148    1149    1150    1174    1175    1176    1177 
              134                32      987     988     989     990    1014    1015    1016    1017    1041    1042    1043    1044    1068    1069    1070    1071    1095    1096    1097    1098    1122    1123    1124    1125    1149    1150    1151    1152    1176    1177    1178    1179 
              135                32      989     990     991     992    1016    1017    1018    1019    1043    1044    1045    1046    1070    1071    1072    1073    1097    1098    1099    1100    1124    1125    1126    1127    1151    1152    1153    1154    1178    1179    1180    1181 
              136                32      991     992     993     994    1018    1019    1020    1021    1045    1046    1047    1048    1072    1073    1074    1075    1099    1100    1101    1102    1126    1127    1128    1129    1153    1154    1155    1156    1180    1181    1182    1183 
              137                32      993     994     995     996    1020    1021    1022    1023    1047    1048    1049    1050    1074    1075    1076    1077    1101    1102    1103    1104    1128    1129    1130    1131    1155    1156    1157    1158    1182    1183    1184    1185 
              138                32      995     996     997     998    1022    1023    1024    1025    1049    1050    1051    1052    1076    1077    1078    1079    1103    1104    1105    1106    1130    1131    1132    1133    1157    1158    1159    1160    1184    1185    1186    1187 
              139                32      997     998     999    1000    1024    1025    1026    1027    1051    1052    1053    1054    1078    1079    1080    1081    1105    1106    1107    1108    1132    1133    1134    1135    1159    1160    1161    1162    1186    1187    1188    1189 
              140                32      999    1000    1001    1002    1026    1027    1028    1029    1053    1054    1055    1056    1080    1081    1082    1083    1107    1108    1109    1110    1134    1135    1136    1137    1161    1162    1163    1164    1188    1189    1190    1191 
              141                32     1001    1002    1003    1004    1028    1029    1030    1031    1055    1056    1057    1058    1082    1083    1084    1085    1109    1110    1111    1112    1136    1137    1138    1139    1163    1164    1165    1166    1190    1191    1192    1193 
              142                32     1003    1004    1005    1006    1030    1031    1032    1033    1057    1058    1059    1060    1084    1085    1086    1087    1111    1112    1113    1114    1138    1139    1140    1141    1165    1166    1167    1168    1192    1193    1194    1195 
              143                24     1005    1006    1007    1032    1033    1034    1059    1060    1061    1086    1087    1088    1113    1114    1115    1140    1141    1142    1167    1168    1169    1194    1195    1196 
              144                32     1089    1090    1091    1092    1116    1117    1118    1119    1143    1144    1145    1146    1170    1171    1172    1173    1197    1198    1199    1200    1224    1225    1226    1227    1251    1252    1253    1254    1278    1279    1280    1281 
              145                32     1091    1092    1093    1094    1118    1119    1120    1121    1145    1146    1147    1148    1172    1173    1174    1175    1199    1200    1201    1202    1226    1227    1228    1229    1253    1254    1255    1256    1280    1281    1282    1283 
              146                32     1093    1094    1095    1096    1120    1121    1122    1123    1147    1148    1149    1150    1174    1175    1176    1177    1201    1202    1203    1204    1228    1229    1230    1231    1255    1256    1257    1258    1282    1283    1284    1285 
              147                32     1095    1096    1097    1098    1122    1123    1124    1125    1149    1150    1151    1152    1176    1177    1178    1179    1203    1204    1205    1206    1230    1231    1232    1233    1257    1258    1259    1260    1284    1285    1286    1287 
              148                32     1097    1098    1099    1100    1124    1125    1126    1127    1151    1152    1153    1154    1178    1179    1180    1181    1205    1206    1207    1208    1232    1233    1234    1235    1259    1260    1261    1262    1286    1287    1288    1289 
              149                32     1099    1100    1101    1102    1126    1127    1128    1129    1153    1154    1155    1156    1180    1181    1182    1183    1207    1208    1209    1210    1234    1235    1236    1237    1261    1262    1263    1264    1288    1289    1290    1291 
              150                32     1101    1102    1103    1104    1128    1129    1130    1131    1155    1156    1157    1158    1182    1183    1184    1185    1209    1210    1211    1212    1236    1237    1238    1239    1263    1264    1265    1266    1290    1291    1292    1293 
              151                32     1103    1104    1105    1106    1130    1131    1132    1133    1157    1158    1159    1160    1184    1185    1186    1187    1211    1212    1213    1214    1238    1239    1240    1241    1265    1266    1267    1268    1292    1293    1294    1295 
              152                32     1105    1106    1107    1108    1132    1133    1134    1135    1159    1160    1161    1162    1186    1187    1188    1189    1213    1214    1215    1216    1240    1241    1242    1243    1267    1268    1269    1270    1294    1295    1296    1297 
              153                32     1107    1108    1109    1110    1134    1135    1136    1137    1161    1162    1163    1164    1188    1189    1190    1191    1215    1216    1217    1218    1242    1243    1244    1245    1269    1270    1271    1272    1296    1297    1298    1299 
              154                32     1109    1110    1111    1112    1136    1137    1138    1139    1163    1164    1165    1166    1190    1191    1192    1193    1217    1218    1219    1220    1244    1245    1246    1247    1271    1272    1273    1274    1298    1299    1300    1301 
              155                32     1111    1112    1113    1114    1138    1139    1140    1141    1165    1166    1167    1168    1192    1193    1194    1195    1219    1220    1221    1222    1246    1247    1248    1249    1273    1274    1275    1276    1300    1301    1302    1303 
              156                24     1113    1114    1115    1140    1141    1142    1167    1168    1169    1194    1195    1196    1221    1222    1223    1248    1249    1250    1275    1276    1277    1302    1303    1304 
              157                17     1197    1198    1224    1225    1251    1252    1278    1279    1305    1306    1329    1330    1353    1354    1377    1378    1379 
              158                32     1197    1198    1199    1200    1224    1225    1226    1227    1251    1252    1253    1254    1278    1279    1280    1281    1305    1306    1307    1308    1329    1330    1331    1332    1353    1354    1355    1356    1378    1379    1380    1381 
              159                32     1199    1200    1201    1202    1226    1227    1228    1229    1253    1254    1255    1256    1280    1281    1282    1283    1307    1308    1309    1310    1331    1332    1333    1334    1355    1356    1357    1358    1380    1381    1382    1383 
              160                32     1201    1202    1203    1204    1228    1229    1230    1231    1255    1256    1257    1258    1282    1283    1284    1285    1309    1310    1311    1312    1333    1334    1335    1336    1357    1358    1359    1360    1382    1383    1384    1385 
              161                32     1203    1204    1205    1206    1230    1231    1232    1233    1257    1258    1259    1260    1284    1285    1286    1287    1311    1312    1313    1314    1335    1336    1337    1338    1359    1360    1361    1362    1384    1385    1386    1387 
              162                32     1205    1206    1207    1208    1232    1233    1234    1235    1259    1260    1261    1262    1286    1287    1288    1289    1313    1314    1315    1316    1337    1338    1339    1340    1361    1362    1363    1364    1386    1387    1388    1389 
              163                32     1207    1208    1209    1210    1234    1235    1236    1237    1261    1262    1263    1264    1288    1289    1290    1291    1315    1316    1317    1318    1339    1340    1341    1342    1363    1364    1365    1366    1388    1389    1390    1391 
              164                32     1209    1210    1211    1212    1236    1237    1238    1239    1263    1264    1265    1266    1290    1291    1292    1293    1317    1318    1319    1320    1341    1342    1343    1344    1365    1366    1367    1368    1390    1391    1392    1393 
              165                32     1211    1212    1213    1214    1238    1239    1240    1241    1265    1266    1267    1268    1292    1293    1294    1295    1319    1320    1321    1322    1343    1344    1345    1346    1367    1368    1369    1370    1392    1393    1394    1395 
              166                32     1213    1214    1215    1216    1240    1241    1242    1243    1267    1268    1269    1270    1294    1295    1296    1297    1321    1322    1323    1324    1345    1346    1347    1348    1369    1370    1371    1372    1394    1395    1396    1397 
              167                32     1215    1216    1217    1218    1242    1243    1244    1245    1269    1270    1271    1272    1296    1297    1298    1299    1323    1324    1325    1326    1347    1348    1349    1350    1371    1372    1373    1374    1396    1397    1398    1399 
              168                31     1217    1218    1219    1220    1244    1245    1246    1247    1271    1272    1273    1274    1298    1299    1300    1301    1325    1326    1327    1328    1349    1350    1351    1352    1373    1374    1375    1376    1398    1399    1400 
              169                23     1219    1220    1221    1222    1246    1247    1248    1249    1273    1274    1275    1276    1300    1301    1302    1303    1327    1328    1351    1352    1375    1376    1400 
              170                23     1305    1306    1329    1330    1353    1354    1377    1378    1379    1401    1402    1403    1425    1426    1427    1449    1450    1451    1452    1473    1474    1475    1476 
              171                32     1305    1306    1307    1308    1329    1330    1331    1332    1353    1354    1355    1356    1378    1379    1380    1381    1402    1403    1404    1405    1426    1427    1428    1429    1451    1452    1453    1454    1475    1476    1477    1478 
              172                32     1307    1308    1309    1310    1331    1332    1333    1334    1355    1356    1357    1358    1380    1381    1382    1383    1404    1405    1406    1407    1428    1429    1430    1431    1453    1454    1455    1456    1477    1478    1479    1480 
              173                32     1309    1310    1311    1312    1333    1334    1335    1336    1357    1358    1359    1360    1382    1383    1384    1385    1406    1407    1408    1409    1430    1431    1432    1433    1455    1456    1457    1458    1479    1480    1481    1482 
              174                32     1311    1312    1313    1314    1335    1336    1337    1338    1359    1360    1361    1362    1384    1385    1386    1387    1408    1409    1410    1411    1432    1433    1434    1435    1457    1458    1459    1460    1481    1482    1483    1484 
              175                32     1313    1314    1315    1316    1337    1338    1339    1340    1361    1362    1363    1364    1386    1387    1388    1389    1410    1411    1412    1413    1434    1435    1436    1437    1459    1460    1461    1462    1483    1484    1485    1486 
              176                32     1315    1316    1317    1318    1339    1340    1341    1342    1363    1364    1365    1366    1388    1389    1390    1391    1412    1413    1414    1415    1436    1437    1438    1439    1461    1462    1463    1464    1485    1486    1487    1488 
              177                32     1317    1318    1319    1320    1341    1342    1343    1344    1365    1366    1367    1368    1390    1391    1392    1393    1414    1415    1416    1417    1438    1439    1440    1441    1463    1464    1465    1466    1487    1488    1489    1490 
              178                32     1319    1320    1321    1322    1343    1344    1345    1346    1367    1368    1369    1370    1392    1393    1394    1395    1416    1417    1418    1419    1440    1441    1442    1443    1465    1466    1467    1468    1489    1490    1491    1492 
              179                32     1321    1322    1323    1324    1345    1346    1347    1348    1369    1370    1371    1372    1394    1395    1396    1397    1418    1419    1420    1421    1442    1443    1444    1445    1467    1468    1469    1470    1491    1492    1493    1494 
              180                32     1323    1324    1325    1326    1347    1348    1349    1350    1371    1372    1373    1374    1396    1397    1398    1399    1420    1421    1422    1423    1444    1445    1446    1447    1469    1470    1471    1472    1493    1494    1495    1496 
              181                25     1325    1326    1327    1328    1349    1350    1351    1352    1373    1374    1375    1376    1398    1399    1400    1422    1423    1424    1446    1447    1448    1471    1472    1495    1496 
              182                30     1401    1402    1403    1425    1426    1427    1449    1450    1451    1452    1473    1474    1475    1476    1497    1498    1499    1500    1521    1522    1523    1524    1542    1543    1544    1545    1563    1564    1565    1566 
              183                32     1402    1403    1404    1405    1426    1427    1428    1429    1451    1452    1453    1454    1475    1476    1477    1478    1499    1500    1501    1502    1523    1524    1525    1526    1544    1545    1546    1547    1565    1566    1567    1568 
              184                32     1404    1405    1406    1407    1428    1429    1430    1431    1453    1454    1455    1456    1477    1478    1479    1480    1501    1502    1503    1504    1525    1526    1527    1528    1546    1547    1548    1549    1567    1568    1569    1570 
              185                32     1406    1407    1408    1409    1430    1431    1432    1433    1455    1456    1457    1458    1479    1480    1481    1482    1503    1504    1505    1506    1527    1528    1529    1530    1548    1549    1550    1551    1569    1570    1571    1572 
              186                32     1408    1409    1410    1411    1432    1433    1434    1435    1457    1458    1459    1460    1481    1482    1483    1484    1505    1506    1507    1508    1529    1530    1531    1532    1550    1551    1552    1553    1571    1572    1573    1574 
              187                32     1410    1411    1412    1413    1434    1435    1436    1437    1459    1460    1461    1462    1483    1484    1485    1486    1507    1508    1509    1510    1531    1532    1533    1534    1552    1553    1554    1555    1573    1574    1575    1576 
              188                32     1412    1413    1414    1415    1436    1437    1438    1439    1461    1462    1463    1464    1485    1486    1487    1488    1509    1510    1511    1512    1533    1534    1535    1536    1554    1555    1556    1557    1575    1576    1577    1578 
              189                32     1414    1415    1416    1417    1438    1439    1440    1441    1463    1464    1465    1466    1487    1488    1489    1490    1511    1512    1513    1514    1535    1536    1537    1538    1556    1557    1558    1559    1577    1578    1579    1580 
              190                32     1416    1417    1418    1419    1440    1441    1442    1443    1465    1466    1467    1468    1489    1490    1491    1492    1513    1514    1515    1516    1537    1538    1539    1540    1558    1559    1560    1561    1579    1580    1581    1582 
              191                29     1418    1419    1420    1421    1442    1443    1444    1445    1467    1468    1469    1470    1491    1492    1493    1494    1515    1516    1517    1518    1539    1540    1541    1560    1561    1562    1581    1582    1583 
              192                23     1420    1421    1422    1423    1444    1445    1446    1447    1469    1470    1471    1472    1493    1494    1495    1496    1517    1518    1519    1520    1541    1562    1583 
              193                32     1497    1498    1499    1500    1521    1522    1523    1524    1542    1543    1544    1545    1563    1564    1565    1566    1584    1585    1586    1587    1602    1603    1604    1605    1620    1621    1622    1623    1638    1639    1640    1641 
              194                32     1499    1500    1501    1502    1523    1524    1525    1526    1544    1545    1546    1547    1565    1566    1567    1568    1586    1587    1588    1589    1604    1605    1606    1607    1622    1623    1624    1625    1640    1641    1642    1643 
              195                32     1501    1502    1503    1504    1525    1526    1527    1528    1546    1547    1548    1549    1567    1568    1569    1570    1588    1589    1590    1591    1606    1607    1608    1609    1624    1625    1626    1627    1642    1643    1644    1645 
              196                32     1503    1504    1505    1506    1527    1528    1529    1530    1548    1549    1550    1551    1569    1570    1571    1572    1590    1591    1592    1593    1608    1609    1610    1611    1626    1627    1628    1629    1644    1645    1646    1647 
              197                32     1505    1506    1507    1508    1529    1530    1531    1532    1550    1551    1552    1553    1571    1572    1573    1574    1592    1593    1594    1595    1610    1611    1612    1613    1628    1629    1630    1631    1646    1647    1648    1649 
              198                32     1507    1508    1509    1510    1531    1532    1533    1534    1552    1553    1554    1555    1573    1574    1575    1576    1594    1595    1596    1597    1612    1613    1614    1615    1630    1631    1632    1633    1648    1649    1650    1651 
              199                31     1509    1510    1511    1512    1533    1534    1535    1536    1554    1555    1556    1557    1575    1576    1577    1578    1596    1597    1598    1599    1614    1615    1616    1617    1632    1633    1634    1635    1650    1651    1652 
              200                29     1511    1512    1513    1514    1535    1536    1537    1538    1556    1557    1558    1559    1577    1578    1579    1580    1598    1599    1600    1601    1616    1617    1618    1619    1634    1635    1636    1637    1652 
              201                22     1513    1514    1515    1516    1537    1538    1539    1540    1558    1559    1560    1561    1579    1580    1581    1582    1600    1601    1618    1619    1636    1637 
              202                32     1584    1585    1586    1587    1602    1603    1604    1605    1620    1621    1622    1623    1638    1639    1640    1641    1653    1654    1655    1656    1668    1669    1670    1671    1683    1684    1685    1686    1692    1693    1694    1695 
              203                32     1586    1587    1588    1589    1604    1605    1606    1607    1622    1623    1624    1625    1640    1641    1642    1643    1655    1656    1657    1658    1670    1671    1672    1673    1685    1686    1687    1688    1694    1695    1696    1697 
              204                32     1588    1589    1590    1591    1606    1607    1608    1609    1624    1625    1626    1627    1642    1643    1644    1645    1657    1658    1659    1660    1672    1673    1674    1675    1687    1688    1689    1690    1696    1697    1698    1699 
              205                30     1590    1591    1592    1593    1608    1609    1610    1611    1626    1627    1628    1629    1644    1645    1646    1647    1659    1660    1661    1662    1674    1675    1676    1677    1689    1690    1691    1698    1699    1700 
              206                26     1592    1593    1594    1595    1610    1611    1612    1613    1628    1629    1630    1631    1646    1647    1648    1649    1661    1662    1663    1664    1676    1677    1678    1679    1691    1700 
              207                24     1594    1595    1596    1597    1612    1613    1614    1615    1630    1631    1632    1633    1648    1649    1650    1651    1663    1664    1665    1666    1678    1679    1680    1681 
              208                21     1596    1597    1598    1599    1614    1615    1616    1617    1632    1633    1634    1635    1650    1651    1652    1665    1666    1667    1680    1681    1682 
              209                20     1653    1654    1655    1656    1668    1669    1670    1671    1683    1684    1685    1686    1692    1693    1694    1695    1701    1702    1703    1704 
              210                20     1655    1656    1657    1658    1670    1671    1672    1673    1685    1686    1687    1688    1694    1695    1696    1697    1703    1704    1705    1706 
              211                20     1657    1658    1659    1660    1672    1673    1674    1675    1687    1688    1689    1690    1696    1697    1698    1699    1705    1706    1707    1708 
              212                17     1659    1660    1661    1662    1674    1675    1676    1677    1689    1690    1691    1698    1699    1700    1707    1708    1709 
