    1        0.432436         0.12869
    2         0.45721         0.11009
    3        0.423983        0.124829
    4        0.409475        0.121227
    5        0.402247        0.118757
    6        0.388412        0.114875
    7        0.376567        0.110271
    8        0.364728        0.106336
    9        0.332296        0.118797
   10        0.491411       0.0860062
   11          0.4872        0.107675
   12        0.470336        0.094163
   13        0.472458       0.0968749
   14        0.445925        0.104544
   15        0.435425       0.0917044
   16         0.41349         0.10172
   17        0.401076       0.0960021
   18        0.390928       0.0796288
   19        0.498185        0.108225
   20        0.505751        0.101462
   21         0.48611        0.109161
   22        0.471484        0.105042
   23        0.449859        0.107585
   24        0.434269        0.105304
   25        0.428904       0.0921191
   26        0.413302       0.0937188
   27        0.402458       0.0890711
   28        0.511431        0.112751
   29        0.509002         0.10749
   30        0.483091         0.11374
   31        0.473391        0.108316
   32        0.460125        0.101901
   33        0.441064         0.10559
   34        0.424938        0.102867
   35        0.417572       0.0943081
   36         0.39926       0.0982365
   37        0.521393       0.0972918
   38        0.508761        0.103239
   39        0.497686        0.106133
   40        0.483078        0.102033
   41        0.463655        0.102273
   42        0.453022       0.0985927
   43        0.428993        0.103774
   44        0.418178       0.0934245
   45        0.402835       0.0928099
   46        0.518616        0.108121
   47        0.512519        0.110737
   48        0.496012         0.11006
   49        0.476432        0.109439
   50        0.462391        0.109272
   51        0.453654         0.10475
   52        0.430979       0.0992968
   53        0.411658        0.104648
   54        0.405555       0.0938449
   55        0.520338        0.114434
   56        0.516808        0.104199
   57        0.504358        0.110779
   58        0.483626         0.10632
   59        0.467478         0.10822
   60        0.450608        0.103903
   61        0.435001        0.104132
   62        0.421451       0.0930038
   63        0.395952         0.10028
   64        0.519448        0.105424
   65        0.523133        0.108419
   66        0.502187        0.115224
   67        0.481459        0.110315
   68        0.465183         0.10488
   69         0.44814        0.106545
   70        0.438367        0.101776
   71        0.422191        0.098547
   72        0.408117       0.0944874
   73        0.527593         0.10945
   74        0.527241        0.109291
   75        0.507408        0.113065
   76        0.484621         0.10933
   77        0.463331        0.107042
   78        0.449692        0.105508
   79        0.443121       0.0985482
   80        0.425845       0.0957485
   81        0.411725       0.0945921
   82        0.517157        0.121954
   83        0.515156        0.114233
   84        0.509676         0.10645
   85        0.483471        0.112935
   86        0.474781       0.0977698
   87        0.454984       0.0965218
   88        0.440091       0.0993659
   89        0.424055        0.092747
   90        0.408631       0.0879744
   91        0.524484         0.11274
   92         0.52502        0.104561
   93        0.503635        0.112606
   94        0.487986        0.109169
   95        0.466556        0.108133
   96        0.453863        0.103194
   97        0.430719        0.103785
   98        0.421781       0.0971967
   99        0.401074       0.0979056
  100        0.520054        0.117664
  101        0.523761         0.10854
  102        0.507728        0.111406
  103        0.490648        0.108463
  104        0.463101        0.108385
  105        0.450912        0.104408
  106        0.430912        0.102151
  107        0.416353        0.101043
  108        0.402482       0.0992234
  109        0.518569          0.1101
  110        0.525662        0.100098
  111        0.503452        0.107778
  112        0.486698        0.107884
  113        0.467993        0.105037
  114        0.443638        0.107911
  115        0.431734        0.100707
  116        0.418908       0.0957358
  117        0.395501       0.0963351
  118        0.514884        0.108129
  119        0.517438          0.1061
  120        0.496851        0.111329
  121        0.476094        0.112963
  122         0.45765        0.108492
  123        0.443711          0.1036
  124        0.425595        0.101094
  125        0.429063       0.0844768
  126         0.40355       0.0987473
  127        0.511685        0.113337
  128        0.513513        0.111846
  129        0.501566        0.105316
  130        0.482095       0.0991265
  131        0.458465        0.103964
  132         0.44378        0.101438
  133        0.426855       0.0972063
  134        0.407143       0.0984001
  135        0.389592          0.0898
  136        0.504524        0.117581
  137        0.506462        0.104406
  138        0.491964         0.10709
  139        0.477388         0.10797
  140        0.464083        0.095842
  141        0.435725        0.101495
  142        0.419606        0.103032
  143        0.408845       0.0905993
  144        0.394314       0.0906048
  145        0.492187        0.108665
  146        0.500015        0.110434
  147        0.489841        0.104919
  148        0.463503        0.109176
  149        0.445693         0.10515
  150        0.431118        0.106288
  151        0.409295        0.102923
  152        0.402412       0.0918828
  153          0.3922        0.087086
  154        0.493266        0.111038
  155        0.482597        0.105116
  156        0.477865        0.109173
  157        0.460726        0.103716
  158        0.450127       0.0949086
  159        0.432165        0.095936
  160        0.404199       0.0998133
  161        0.391303       0.0976734
  162        0.390115       0.0824971
  163        0.487032        0.112961
  164        0.488355        0.105386
  165        0.473148        0.107481
  166        0.452297        0.102977
  167        0.438716        0.101589
  168        0.418562       0.0970851
  169        0.405149       0.0951279
  170        0.384606       0.0888232
  171        0.378783       0.0871831
  172        0.474115        0.105806
  173        0.471696        0.100711
  174        0.474103       0.0966047
  175        0.440039        0.109173
  176        0.430296        0.100931
  177        0.407572       0.0995221
  178        0.395448       0.0898982
  179        0.382709         0.08617
  180        0.377437       0.0818447
  181        0.450147        0.110938
  182        0.454426        0.102977
  183        0.433331        0.108468
  184        0.419404        0.106488
  185        0.405291        0.100751
  186        0.389515       0.0984331
  187        0.375606       0.0991635
  188        0.361524       0.0941809
  189         0.35078       0.0891308
