 9.49097521e-01  1.21662827e-02  4.18508780e-01  9.24912373e-01  9.49097521e-01  1.21662827e-02 -9.99764421e-01  9.24912373e-01  9.49097521e-01  1.21662827e-02 -9.99764421e-01  9.24912373e-01  9.49097521e-01  1.21662827e-02  4.18508780e-01  9.24912373e-01  9.49097521e-01  1.21662827e-02 -9.99764421e-01  9.24912373e-01  9.49097521e-01  1.21662827e-02 -9.99764421e-01  9.24912373e-01
 9.63095855e-01  1.52692517e-02  3.87062861e-01  6.87959242e-01  9.63095855e-01  1.52692517e-02 -9.99730530e-01  6.87959242e-01  9.63095855e-01  1.52692517e-02 -9.99730530e-01  6.87959242e-01  9.63095855e-01  1.52692517e-02  3.87062861e-01  6.87959242e-01  9.63095855e-01  1.52692517e-02 -9.99730530e-01  6.87959242e-01  9.63095855e-01  1.52692517e-02 -9.99730530e-01  6.87959242e-01
 9.66128723e-01  3.86623798e-02  4.87643305e-01  1.52602558e+00  9.66128723e-01  3.86623798e-02 -9.99494126e-01  1.52602558e+00  9.66128723e-01  3.86623798e-02 -9.99494126e-01  1.52602558e+00  9.66128723e-01  3.86623798e-02  4.87643305e-01  1.52602558e+00  9.66128723e-01  3.86623798e-02 -9.99494126e-01  1.52602558e+00  9.66128723e-01  3.86623798e-02 -9.99494126e-01  1.52602558e+00
 9.71948843e-01  4.59385621e-02  5.34924985e-01  1.85236231e+00  9.71948843e-01  4.59385621e-02 -9.99393513e-01  1.85236231e+00  9.71948843e-01  4.59385621e-02 -9.99393513e-01  1.85236231e+00  9.71948843e-01  4.59385621e-02  5.34924985e-01  1.85236231e+00  9.71948843e-01  4.59385621e-02 -9.99393513e-01  1.85236231e+00  9.71948843e-01  4.59385621e-02 -9.99393513e-01  1.85236231e+00
 1.04563116e+00  4.64802419e-02  3.79894849e-01  8.88852606e-01  1.04563116e+00  4.64802419e-02 -9.99811326e-01  8.88852606e-01  1.04563116e+00  4.64802419e-02 -9.99811326e-01  8.88852606e-01  1.04563116e+00  4.64802419e-02  3.79894849e-01  8.88852606e-01  1.04563116e+00  4.64802419e-02 -9.99811326e-01  8.88852606e-01  1.04563116e+00  4.64802419e-02 -9.99811326e-01  8.88852606e-01
 9.86270730e-01  5.17393125e-02  4.60565885e-01  1.50288875e+00  9.86270730e-01  5.17393125e-02 -9.99402752e-01  1.50288875e+00  9.86270730e-01  5.17393125e-02 -9.99402752e-01  1.50288875e+00  9.86270730e-01  5.17393125e-02  4.60565885e-01  1.50288875e+00  9.86270730e-01  5.17393125e-02 -9.99402752e-01  1.50288875e+00  9.86270730e-01  5.17393125e-02 -9.99402752e-01  1.50288875e+00
 9.53570892e-01  1.07205712e-02  4.50938645e-01  9.75076151e-01  9.53570892e-01  1.07205712e-02 -9.99555741e-01  9.75076151e-01  9.53570892e-01  1.07205712e-02 -9.99555741e-01  9.75076151e-01  9.53570892e-01  1.07205712e-02  4.50938645e-01  9.75076151e-01  9.53570892e-01  1.07205712e-02 -9.99555741e-01  9.75076151e-01  9.53570892e-01  1.07205712e-02 -9.99555741e-01  9.75076151e-01
 1.04184865e+00  5.37532673e-02  4.23633816e-01  1.21967092e+00  1.04184865e+00  5.37532673e-02 -9.99723053e-01  1.21967092e+00  1.04184865e+00  5.37532673e-02 -9.99723053e-01  1.21967092e+00  1.04184865e+00  5.37532673e-02  4.23633816e-01  1.21967092e+00  1.04184865e+00  5.37532673e-02 -9.99723053e-01  1.21967092e+00  1.04184865e+00  5.37532673e-02 -9.99723053e-01  1.21967092e+00
 1.00507879e+00  5.58962070e-02  5.24080275e-01  1.84989793e+00  1.00507879e+00  5.58962070e-02 -9.98921292e-01  1.84989793e+00  1.00507879e+00  5.58962070e-02 -9.98921292e-01  1.84989793e+00  1.00507879e+00  5.58962070e-02  5.24080275e-01  1.84989793e+00  1.00507879e+00  5.58962070e-02 -9.98921292e-01  1.84989793e+00  1.00507879e+00  5.58962070e-02 -9.98921292e-01  1.84989793e+00
 1.00138650e+00  3.72932714e-02  4.40977481e-01  1.18392686e+00  1.00138650e+00  3.72932714e-02 -9.99911915e-01  1.18392686e+00  1.00138650e+00  3.72932714e-02 -9.99911915e-01  1.18392686e+00  1.00138650e+00  3.72932714e-02  4.40977481e-01  1.18392686e+00  1.00138650e+00  3.72932714e-02 -9.99911915e-01  1.18392686e+00  1.00138650e+00  3.72932714e-02 -9.99911915e-01  1.18392686e+00
 9.44448359e-01  1.83822370e-04  4.63493476e-01  9.17581359e-01  9.44448359e-01  1.83822370e-04 -9.99661029e-01  9.17581359e-01  9.44448359e-01  1.83822370e-04 -9.99661029e-01  9.17581359e-01  9.44448359e-01  1.83822370e-04  4.63493476e-01  9.17581359e-01  9.44448359e-01  1.83822370e-04 -9.99661029e-01  9.17581359e-01  9.44448359e-01  1.83822370e-04 -9.99661029e-01  9.17581359e-01
 9.95203522e-01  2.41547737e-02  4.71743372e-01  1.18323206e+00  9.95203522e-01  2.41547737e-02 -9.99822610e-01  1.18323206e+00  9.95203522e-01  2.41547737e-02 -9.99822610e-01  1.18323206e+00  9.95203522e-01  2.41547737e-02  4.71743372e-01  1.18323206e+00  9.95203522e-01  2.41547737e-02 -9.99822610e-01  1.18323206e+00  9.95203522e-01  2.41547737e-02 -9.99822610e-01  1.18323206e+00
 9.43119845e-01  3.69832966e-03  4.76648984e-01  9.72055120e-01  9.43119845e-01  3.69832966e-03 -9.99513849e-01  9.72055120e-01  9.43119845e-01  3.69832966e-03 -9.99513849e-01  9.72055120e-01  9.43119845e-01  3.69832966e-03  4.76648984e-01  9.72055120e-01  9.43119845e-01  3.69832966e-03 -9.99513849e-01  9.72055120e-01  9.43119845e-01  3.69832966e-03 -9.99513849e-01  9.72055120e-01
 9.40338898e-01  1.71117753e-02  4.12749608e-01  9.30315973e-01  9.40338898e-01  1.71117753e-02 -9.99514259e-01  9.30315973e-01  9.40338898e-01  1.71117753e-02 -9.99514259e-01  9.30315973e-01  9.40338898e-01  1.71117753e-02  4.12749608e-01  9.30315973e-01  9.40338898e-01  1.71117753e-02 -9.99514259e-01  9.30315973e-01  9.40338898e-01  1.71117753e-02 -9.99514259e-01  9.30315973e-01
 9.51302695e-01  1.93668758e-02  4.20133684e-01  9.78588448e-01  9.51302695e-01  1.93668758e-02 -9.99401176e-01  9.78588448e-01  9.51302695e-01  1.93668758e-02 -9.99401176e-01  9.78588448e-01  9.51302695e-01  1.93668758e-02  4.20133684e-01  9.78588448e-01  9.51302695e-01  1.93668758e-02 -9.99401176e-01  9.78588448e-01  9.51302695e-01  1.93668758e-02 -9.99401176e-01  9.78588448e-01
 9.73219867e-01  2.42132617e-02  3.54500321e-01  6.45170482e-01  9.73219867e-01  2.42132617e-02 -9.99633643e-01  6.45170482e-01  9.73219867e-01  2.42132617e-02 -9.99633643e-01  6.45170482e-01  9.73219867e-01  2.42132617e-02  3.54500321e-01  6.45170482e-01  9.73219867e-01  2.42132617e-02 -9.99633643e-01  6.45170482e-01  9.73219867e-01  2.42132617e-02 -9.99633643e-01  6.45170482e-01
 1.07139567e+00  6.12188073e-02  4.45274436e-01  1.37603317e+00  1.07139567e+00  6.12188073e-02 -9.99654826e-01  1.37603317e+00  1.07139567e+00  6.12188073e-02 -9.99654826e-01  1.37603317e+00  1.07139567e+00  6.12188073e-02  4.45274436e-01  1.37603317e+00  1.07139567e+00  6.12188073e-02 -9.99654826e-01  1.37603317e+00  1.07139567e+00  6.12188073e-02 -9.99654826e-01  1.37603317e+00
 1.00678961e+00  4.23248867e-02  5.07500547e-01  1.63248647e+00  1.00678961e+00  4.23248867e-02 -9.99580211e-01  1.63248647e+00  1.00678961e+00  4.23248867e-02 -9.99580211e-01  1.63248647e+00  1.00678961e+00  4.23248867e-02  5.07500547e-01  1.63248647e+00  1.00678961e+00  4.23248867e-02 -9.99580211e-01  1.63248647e+00  1.00678961e+00  4.23248867e-02 -9.99580211e-01  1.63248647e+00
 9.95847709e-01  1.38105028e-02  3.76614561e-01  5.75386131e-01  9.95847709e-01  1.38105028e-02 -9.99837460e-01  5.75386131e-01  9.95847709e-01  1.38105028e-02 -9.99837460e-01  5.75386131e-01  9.95847709e-01  1.38105028e-02  3.76614561e-01  5.75386131e-01  9.95847709e-01  1.38105028e-02 -9.99837460e-01  5.75386131e-01  9.95847709e-01  1.38105028e-02 -9.99837460e-01  5.75386131e-01
 9.44012298e-01  7.79379923e-03  4.63289120e-01  1.08802016e+00  9.44012298e-01  7.79379923e-03 -9.99850722e-01  1.08802016e+00  9.44012298e-01  7.79379923e-03 -9.99850722e-01  1.08802016e+00  9.44012298e-01  7.79379923e-03  4.63289120e-01  1.08802016e+00  9.44012298e-01  7.79379923e-03 -9.99850722e-01  1.08802016e+00  9.44012298e-01  7.79379923e-03 -9.99850722e-01  1.08802016e+00
 9.32868279e-01  1.12308868e-03  4.18780175e-01  7.71939733e-01  9.32868279e-01  1.12308868e-03 -9.99923929e-01  7.71939733e-01  9.32868279e-01  1.12308868e-03 -9.99923929e-01  7.71939733e-01  9.32868279e-01  1.12308868e-03  4.18780175e-01  7.71939733e-01  9.32868279e-01  1.12308868e-03 -9.99923929e-01  7.71939733e-01  9.32868279e-01  1.12308868e-03 -9.99923929e-01  7.71939733e-01
 1.05775036e+00  4.52272498e-02  3.62536233e-01  7.88986127e-01  1.05775036e+00  4.52272498e-02 -9.99865643e-01  7.88986127e-01  1.05775036e+00  4.52272498e-02 -9.99865643e-01  7.88986127e-01  1.05775036e+00  4.52272498e-02  3.62536233e-01  7.88986127e-01  1.05775036e+00  4.52272498e-02 -9.99865643e-01  7.88986127e-01  1.05775036e+00  4.52272498e-02 -9.99865643e-01  7.88986127e-01
 9.90280870e-01  3.63239428e-02  3.97736844e-01  9.93871551e-01  9.90280870e-01  3.63239428e-02 -9.99946263e-01  9.93871551e-01  9.90280870e-01  3.63239428e-02 -9.99946263e-01  9.93871551e-01  9.90280870e-01  3.63239428e-02  3.97736844e-01  9.93871551e-01  9.90280870e-01  3.63239428e-02 -9.99946263e-01  9.93871551e-01  9.90280870e-01  3.63239428e-02 -9.99946263e-01  9.93871551e-01
 1.00437488e+00  2.53582750e-02  4.23473912e-01  9.50421778e-01  1.00437488e+00  2.53582750e-02 -9.99368590e-01  9.50421778e-01  1.00437488e+00  2.53582750e-02 -9.99368590e-01  9.50421778e-01  1.00437488e+00  2.53582750e-02  4.23473912e-01  9.50421778e-01  1.00437488e+00  2.53582750e-02 -9.99368590e-01  9.50421778e-01  1.00437488e+00  2.53582750e-02 -9.99368590e-01  9.50421778e-01
 9.77463006e-01  2.91634341e-02  4.56717245e-01  1.21891970e+00  9.77463006e-01  2.91634341e-02 -9.99404325e-01  1.21891970e+00  9.77463006e-01  2.91634341e-02 -9.99404325e-01  1.21891970e+00  9.77463006e-01  2.91634341e-02  4.56717245e-01  1.21891970e+00  9.77463006e-01  2.91634341e-02 -9.99404325e-01  1.21891970e+00  9.77463006e-01  2.91634341e-02 -9.99404325e-01  1.21891970e+00
 9.63362275e-01  1.63644860e-02  3.51944706e-01  5.53895188e-01  9.63362275e-01  1.63644860e-02 -9.99165271e-01  5.53895188e-01  9.63362275e-01  1.63644860e-02 -9.99165271e-01  5.53895188e-01  9.63362275e-01  1.63644860e-02  3.51944706e-01  5.53895188e-01  9.63362275e-01  1.63644860e-02 -9.99165271e-01  5.53895188e-01  9.63362275e-01  1.63644860e-02 -9.99165271e-01  5.53895188e-01
 1.04757845e+00  5.26415217e-02  4.24543355e-01  1.21860416e+00  1.04757845e+00  5.26415217e-02 -9.99925197e-01  1.21860416e+00  1.04757845e+00  5.26415217e-02 -9.99925197e-01  1.21860416e+00  1.04757845e+00  5.26415217e-02  4.24543355e-01  1.21860416e+00  1.04757845e+00  5.26415217e-02 -9.99925197e-01  1.21860416e+00  1.04757845e+00  5.26415217e-02 -9.99925197e-01  1.21860416e+00
 9.08830980e-01  2.36763331e-02  5.84576719e-01  2.00129552e+00  9.08830980e-01  2.36763331e-02 -9.99359840e-01  2.00129552e+00  9.08830980e-01  2.36763331e-02 -9.99359840e-01  2.00129552e+00  9.08830980e-01  2.36763331e-02  5.84576719e-01  2.00129552e+00  9.08830980e-01  2.36763331e-02 -9.99359840e-01  2.00129552e+00  9.08830980e-01  2.36763331e-02 -9.99359840e-01  2.00129552e+00
 9.69752305e-01  1.60757195e-02  4.11658093e-01  9.08767520e-01  9.69752305e-01  1.60757195e-02 -9.99714667e-01  9.08767520e-01  9.69752305e-01  1.60757195e-02 -9.99714667e-01  9.08767520e-01  9.69752305e-01  1.60757195e-02  4.11658093e-01  9.08767520e-01  9.69752305e-01  1.60757195e-02 -9.99714667e-01  9.08767520e-01  9.69752305e-01  1.60757195e-02 -9.99714667e-01  9.08767520e-01
 9.23747484e-01  1.23151162e-02  4.62375158e-01  1.16616950e+00  9.23747484e-01  1.23151162e-02 -9.99984968e-01  1.16616950e+00  9.23747484e-01  1.23151162e-02 -9.99984968e-01  1.16616950e+00  9.23747484e-01  1.23151162e-02  4.62375158e-01  1.16616950e+00  9.23747484e-01  1.23151162e-02 -9.99984968e-01  1.16616950e+00  9.23747484e-01  1.23151162e-02 -9.99984968e-01  1.16616950e+00
 1.01075391e+00  2.16720291e-02  4.59413418e-01  1.06487831e+00  1.01075391e+00  2.16720291e-02 -9.99944009e-01  1.06487831e+00  1.01075391e+00  2.16720291e-02 -9.99944009e-01  1.06487831e+00  1.01075391e+00  2.16720291e-02  4.59413418e-01  1.06487831e+00  1.01075391e+00  2.16720291e-02 -9.99944009e-01  1.06487831e+00  1.01075391e+00  2.16720291e-02 -9.99944009e-01  1.06487831e+00
 9.73688223e-01  2.28180952e-02  4.86264805e-01  1.32885513e+00  9.73688223e-01  2.28180952e-02 -9.99688471e-01  1.32885513e+00  9.73688223e-01  2.28180952e-02 -9.99688471e-01  1.32885513e+00  9.73688223e-01  2.28180952e-02  4.86264805e-01  1.32885513e+00  9.73688223e-01  2.28180952e-02 -9.99688471e-01  1.32885513e+00  9.73688223e-01  2.28180952e-02 -9.99688471e-01  1.32885513e+00
 1.02401201e+00  3.48695405e-02  3.83842767e-01  7.86045991e-01  1.02401201e+00  3.48695405e-02 -9.99466446e-01  7.86045991e-01  1.02401201e+00  3.48695405e-02 -9.99466446e-01  7.86045991e-01  1.02401201e+00  3.48695405e-02  3.83842767e-01  7.86045991e-01  1.02401201e+00  3.48695405e-02 -9.99466446e-01  7.86045991e-01  1.02401201e+00  3.48695405e-02 -9.99466446e-01  7.86045991e-01
 8.72423706e-01  1.58689298e-02  4.51282414e-01  1.24837072e+00  8.72423706e-01  1.58689298e-02 -9.99675136e-01  1.24837072e+00  8.72423706e-01  1.58689298e-02 -9.99675136e-01  1.24837072e+00  8.72423706e-01  1.58689298e-02  4.51282414e-01  1.24837072e+00  8.72423706e-01  1.58689298e-02 -9.99675136e-01  1.24837072e+00  8.72423706e-01  1.58689298e-02 -9.99675136e-01  1.24837072e+00
 1.02280713e+00  2.57119562e-02  4.15640933e-01  8.38108590e-01  1.02280713e+00  2.57119562e-02 -9.99915638e-01  8.38108590e-01  1.02280713e+00  2.57119562e-02 -9.99915638e-01  8.38108590e-01  1.02280713e+00  2.57119562e-02  4.15640933e-01  8.38108590e-01  1.02280713e+00  2.57119562e-02 -9.99915638e-01  8.38108590e-01  1.02280713e+00  2.57119562e-02 -9.99915638e-01  8.38108590e-01
 9.79141477e-01  1.93078440e-02  5.11148544e-01  1.34771061e+00  9.79141477e-01  1.93078440e-02 -9.99809814e-01  1.34771061e+00  9.79141477e-01  1.93078440e-02 -9.99809814e-01  1.34771061e+00  9.79141477e-01  1.93078440e-02  5.11148544e-01  1.34771061e+00  9.79141477e-01  1.93078440e-02 -9.99809814e-01  1.34771061e+00  9.79141477e-01  1.93078440e-02 -9.99809814e-01  1.34771061e+00
 1.01725889e+00  8.54127256e-03  4.96151640e-01  1.00468754e+00  1.01725889e+00  8.54127256e-03 -9.99328240e-01  1.00468754e+00  1.01725889e+00  8.54127256e-03 -9.99328240e-01  1.00468754e+00  1.01725889e+00  8.54127256e-03  4.96151640e-01  1.00468754e+00  1.01725889e+00  8.54127256e-03 -9.99328240e-01  1.00468754e+00  1.01725889e+00  8.54127256e-03 -9.99328240e-01  1.00468754e+00
 1.07963829e+00  4.73006394e-02  3.91785063e-01  9.04913372e-01  1.07963829e+00  4.73006394e-02 -9.99464421e-01  9.04913372e-01  1.07963829e+00  4.73006394e-02 -9.99464421e-01  9.04913372e-01  1.07963829e+00  4.73006394e-02  3.91785063e-01  9.04913372e-01  1.07963829e+00  4.73006394e-02 -9.99464421e-01  9.04913372e-01  1.07963829e+00  4.73006394e-02 -9.99464421e-01  9.04913372e-01
 1.03386484e+00  2.71679341e-02  4.63949967e-01  1.10218390e+00  1.03386484e+00  2.71679341e-02 -9.99968692e-01  1.10218390e+00  1.03386484e+00  2.71679341e-02 -9.99968692e-01  1.10218390e+00  1.03386484e+00  2.71679341e-02  4.63949967e-01  1.10218390e+00  1.03386484e+00  2.71679341e-02 -9.99968692e-01  1.10218390e+00  1.03386484e+00  2.71679341e-02 -9.99968692e-01  1.10218390e+00
 9.23179907e-01  4.30598677e-03  4.55880623e-01  1.02119650e+00  9.23179907e-01  4.30598677e-03 -9.99669384e-01  1.02119650e+00  9.23179907e-01  4.30598677e-03 -9.99669384e-01  1.02119650e+00  9.23179907e-01  4.30598677e-03  4.55880623e-01  1.02119650e+00  9.23179907e-01  4.30598677e-03 -9.99669384e-01  1.02119650e+00  9.23179907e-01  4.30598677e-03 -9.99669384e-01  1.02119650e+00
 9.61284171e-01  3.88084909e-02  4.48513635e-01  1.38598926e+00  9.61284171e-01  3.88084909e-02 -9.99493456e-01  1.38598926e+00  9.61284171e-01  3.88084909e-02 -9.99493456e-01  1.38598926e+00  9.61284171e-01  3.88084909e-02  4.48513635e-01  1.38598926e+00  9.61284171e-01  3.88084909e-02 -9.99493456e-01  1.38598926e+00  9.61284171e-01  3.88084909e-02 -9.99493456e-01  1.38598926e+00
 9.79021412e-01  5.80632372e-02  5.47740290e-01  2.08985180e+00  9.79021412e-01  5.80632372e-02 -9.99821685e-01  2.08985180e+00  9.79021412e-01  5.80632372e-02 -9.99821685e-01  2.08985180e+00  9.79021412e-01  5.80632372e-02  5.47740290e-01  2.08985180e+00  9.79021412e-01  5.80632372e-02 -9.99821685e-01  2.08985180e+00  9.79021412e-01  5.80632372e-02 -9.99821685e-01  2.08985180e+00
 9.88496692e-01  2.30170253e-02  5.05671937e-01  1.33054213e+00  9.88496692e-01  2.30170253e-02 -9.99287215e-01  1.33054213e+00  9.88496692e-01  2.30170253e-02 -9.99287215e-01  1.33054213e+00  9.88496692e-01  2.30170253e-02  5.05671937e-01  1.33054213e+00  9.88496692e-01  2.30170253e-02 -9.99287215e-01  1.33054213e+00  9.88496692e-01  2.30170253e-02 -9.99287215e-01  1.33054213e+00
 8.74218984e-01  9.10020141e-04  4.73451368e-01  1.21101917e+00  8.74218984e-01  9.10020141e-04 -9.99427471e-01  1.21101917e+00  8.74218984e-01  9.10020141e-04 -9.99427471e-01  1.21101917e+00  8.74218984e-01  9.10020141e-04  4.73451368e-01  1.21101917e+00  8.74218984e-01  9.10020141e-04 -9.99427471e-01  1.21101917e+00  8.74218984e-01  9.10020141e-04 -9.99427471e-01  1.21101917e+00
 1.00759662e+00  4.80469997e-02  4.13070512e-01  1.23546437e+00  1.00759662e+00  4.80469997e-02 -9.99814770e-01  1.23546437e+00  1.00759662e+00  4.80469997e-02 -9.99814770e-01  1.23546437e+00  1.00759662e+00  4.80469997e-02  4.13070512e-01  1.23546437e+00  1.00759662e+00  4.80469997e-02 -9.99814770e-01  1.23546437e+00  1.00759662e+00  4.80469997e-02 -9.99814770e-01  1.23546437e+00
 9.55291909e-01  3.92757386e-02  4.22085963e-01  1.29190485e+00  9.55291909e-01  3.92757386e-02 -9.99373769e-01  1.29190485e+00  9.55291909e-01  3.92757386e-02 -9.99373769e-01  1.29190485e+00  9.55291909e-01  3.92757386e-02  4.22085963e-01  1.29190485e+00  9.55291909e-01  3.92757386e-02 -9.99373769e-01  1.29190485e+00  9.55291909e-01  3.92757386e-02 -9.99373769e-01  1.29190485e+00
 1.08948636e+00  2.78544908e-02  4.15172618e-01  7.62700876e-01  1.08948636e+00  2.78544908e-02 -9.99827316e-01  7.62700876e-01  1.08948636e+00  2.78544908e-02 -9.99827316e-01  7.62700876e-01  1.08948636e+00  2.78544908e-02  4.15172618e-01  7.62700876e-01  1.08948636e+00  2.78544908e-02 -9.99827316e-01  7.62700876e-01  1.08948636e+00  2.78544908e-02 -9.99827316e-01  7.62700876e-01
 9.82614312e-01  5.57274314e-02  5.25722785e-01  2.02496565e+00  9.82614312e-01  5.57274314e-02 -9.99104670e-01  2.02496565e+00  9.82614312e-01  5.57274314e-02 -9.99104670e-01  2.02496565e+00  9.82614312e-01  5.57274314e-02  5.25722785e-01  2.02496565e+00  9.82614312e-01  5.57274314e-02 -9.99104670e-01  2.02496565e+00  9.82614312e-01  5.57274314e-02 -9.99104670e-01  2.02496565e+00
 1.00722862e+00  3.23568737e-02  4.03911230e-01  9.52112279e-01  1.00722862e+00  3.23568737e-02 -9.99525817e-01  9.52112279e-01  1.00722862e+00  3.23568737e-02 -9.99525817e-01  9.52112279e-01  1.00722862e+00  3.23568737e-02  4.03911230e-01  9.52112279e-01  1.00722862e+00  3.23568737e-02 -9.99525817e-01  9.52112279e-01  1.00722862e+00  3.23568737e-02 -9.99525817e-01  9.52112279e-01
 8.97121887e-01  1.20987494e-02  4.89069048e-01  1.40087649e+00  8.97121887e-01  1.20987494e-02 -9.99840069e-01  1.40087649e+00  8.97121887e-01  1.20987494e-02 -9.99840069e-01  1.40087649e+00  8.97121887e-01  1.20987494e-02  4.89069048e-01  1.40087649e+00  8.97121887e-01  1.20987494e-02 -9.99840069e-01  1.40087649e+00  8.97121887e-01  1.20987494e-02 -9.99840069e-01  1.40087649e+00
 9.98678623e-01  2.27809219e-02  4.97627910e-01  1.34531475e+00  9.98678623e-01  2.27809219e-02 -9.99561964e-01  1.34531475e+00  9.98678623e-01  2.27809219e-02 -9.99561964e-01  1.34531475e+00  9.98678623e-01  2.27809219e-02  4.97627910e-01  1.34531475e+00  9.98678623e-01  2.27809219e-02 -9.99561964e-01  1.34531475e+00  9.98678623e-01  2.27809219e-02 -9.99561964e-01  1.34531475e+00
 9.24210810e-01  1.87973206e-02  5.31411411e-01  1.58424382e+00  9.24210810e-01  1.87973206e-02 -9.99799512e-01  1.58424382e+00  9.24210810e-01  1.87973206e-02 -9.99799512e-01  1.58424382e+00  9.24210810e-01  1.87973206e-02  5.31411411e-01  1.58424382e+00  9.24210810e-01  1.87973206e-02 -9.99799512e-01  1.58424382e+00  9.24210810e-01  1.87973206e-02 -9.99799512e-01  1.58424382e+00
 9.22428464e-01  1.15359602e-03  4.62113899e-01  9.69078441e-01  9.22428464e-01  1.15359602e-03 -9.99942938e-01  9.69078441e-01  9.22428464e-01  1.15359602e-03 -9.99942938e-01  9.69078441e-01  9.22428464e-01  1.15359602e-03  4.62113899e-01  9.69078441e-01  9.22428464e-01  1.15359602e-03 -9.99942938e-01  9.69078441e-01  9.22428464e-01  1.15359602e-03 -9.99942938e-01  9.69078441e-01
 1.00546605e+00  4.85690470e-02  4.96730193e-01  1.65534407e+00  1.00546605e+00  4.85690470e-02 -9.99558382e-01  1.65534407e+00  1.00546605e+00  4.85690470e-02 -9.99558382e-01  1.65534407e+00  1.00546605e+00  4.85690470e-02  4.96730193e-01  1.65534407e+00  1.00546605e+00  4.85690470e-02 -9.99558382e-01  1.65534407e+00  1.00546605e+00  4.85690470e-02 -9.99558382e-01  1.65534407e+00
 9.95634957e-01  4.30236817e-02  3.76829111e-01  9.74705616e-01  9.95634957e-01  4.30236817e-02 -9.99755527e-01  9.74705616e-01  9.95634957e-01  4.30236817e-02 -9.99755527e-01  9.74705616e-01  9.95634957e-01  4.30236817e-02  3.76829111e-01  9.74705616e-01  9.95634957e-01  4.30236817e-02 -9.99755527e-01  9.74705616e-01  9.95634957e-01  4.30236817e-02 -9.99755527e-01  9.74705616e-01
 9.38211219e-01  2.82233204e-02  4.57531565e-01  1.34382846e+00  9.38211219e-01  2.82233204e-02 -9.99697031e-01  1.34382846e+00  9.38211219e-01  2.82233204e-02 -9.99697031e-01  1.34382846e+00  9.38211219e-01  2.82233204e-02  4.57531565e-01  1.34382846e+00  9.38211219e-01  2.82233204e-02 -9.99697031e-01  1.34382846e+00  9.38211219e-01  2.82233204e-02 -9.99697031e-01  1.34382846e+00
 9.88257538e-01  1.42754711e-02  4.22149666e-01  8.54536476e-01  9.88257538e-01  1.42754711e-02 -9.99803777e-01  8.54536476e-01  9.88257538e-01  1.42754711e-02 -9.99803777e-01  8.54536476e-01  9.88257538e-01  1.42754711e-02  4.22149666e-01  8.54536476e-01  9.88257538e-01  1.42754711e-02 -9.99803777e-01  8.54536476e-01  9.88257538e-01  1.42754711e-02 -9.99803777e-01  8.54536476e-01
 1.02427875e+00  4.02854678e-02  4.08214194e-01  9.96663142e-01  1.02427875e+00  4.02854678e-02 -9.99616271e-01  9.96663142e-01  1.02427875e+00  4.02854678e-02 -9.99616271e-01  9.96663142e-01  1.02427875e+00  4.02854678e-02  4.08214194e-01  9.96663142e-01  1.02427875e+00  4.02854678e-02 -9.99616271e-01  9.96663142e-01  1.02427875e+00  4.02854678e-02 -9.99616271e-01  9.96663142e-01
 1.01840103e+00  3.56335322e-02  4.07813731e-01  9.33307372e-01  1.01840103e+00  3.56335322e-02 -9.99924219e-01  9.33307372e-01  1.01840103e+00  3.56335322e-02 -9.99924219e-01  9.33307372e-01  1.01840103e+00  3.56335322e-02  4.07813731e-01  9.33307372e-01  1.01840103e+00  3.56335322e-02 -9.99924219e-01  9.33307372e-01  1.01840103e+00  3.56335322e-02 -9.99924219e-01  9.33307372e-01
 9.72386500e-01  1.29401220e-02  4.44379559e-01  9.25669197e-01  9.72386500e-01  1.29401220e-02 -9.99483948e-01  9.25669197e-01  9.72386500e-01  1.29401220e-02 -9.99483948e-01  9.25669197e-01  9.72386500e-01  1.29401220e-02  4.44379559e-01  9.25669197e-01  9.72386500e-01  1.29401220e-02 -9.99483948e-01  9.25669197e-01  9.72386500e-01  1.29401220e-02 -9.99483948e-01  9.25669197e-01
 1.04807590e+00  3.85707286e-02  3.46719470e-01  6.19968199e-01  1.04807590e+00  3.85707286e-02 -9.99862278e-01  6.19968199e-01  1.04807590e+00  3.85707286e-02 -9.99862278e-01  6.19968199e-01  1.04807590e+00  3.85707286e-02  3.46719470e-01  6.19968199e-01  1.04807590e+00  3.85707286e-02 -9.99862278e-01  6.19968199e-01  1.04807590e+00  3.85707286e-02 -9.99862278e-01  6.19968199e-01
 1.02255274e+00  3.43123652e-02  3.92464189e-01  8.80255850e-01  1.02255274e+00  3.43123652e-02 -9.99990408e-01  8.80255850e-01  1.02255274e+00  3.43123652e-02 -9.99990408e-01  8.80255850e-01  1.02255274e+00  3.43123652e-02  3.92464189e-01  8.80255850e-01  1.02255274e+00  3.43123652e-02 -9.99990408e-01  8.80255850e-01  1.02255274e+00  3.43123652e-02 -9.99990408e-01  8.80255850e-01
 1.08993977e+00  3.51255820e-02  3.63196693e-01  5.40482826e-01  1.08993977e+00  3.51255820e-02 -9.99728338e-01  5.40482826e-01  1.08993977e+00  3.51255820e-02 -9.99728338e-01  5.40482826e-01  1.08993977e+00  3.51255820e-02  3.63196693e-01  5.40482826e-01  1.08993977e+00  3.51255820e-02 -9.99728338e-01  5.40482826e-01  1.08993977e+00  3.51255820e-02 -9.99728338e-01  5.40482826e-01
 9.53538345e-01  5.96484607e-04  4.07477043e-01  5.77144941e-01  9.53538345e-01  5.96484607e-04 -9.99917204e-01  5.77144941e-01  9.53538345e-01  5.96484607e-04 -9.99917204e-01  5.77144941e-01  9.53538345e-01  5.96484607e-04  4.07477043e-01  5.77144941e-01  9.53538345e-01  5.96484607e-04 -9.99917204e-01  5.77144941e-01  9.53538345e-01  5.96484607e-04 -9.99917204e-01  5.77144941e-01
 8.50594759e-01  2.77103961e-03  5.56154336e-01  1.73219947e+00  8.50594759e-01  2.77103961e-03 -9.99915355e-01  1.73219947e+00  8.50594759e-01  2.77103961e-03 -9.99915355e-01  1.73219947e+00  8.50594759e-01  2.77103961e-03  5.56154336e-01  1.73219947e+00  8.50594759e-01  2.77103961e-03 -9.99915355e-01  1.73219947e+00  8.50594759e-01  2.77103961e-03 -9.99915355e-01  1.73219947e+00
 1.03266523e+00  3.96590109e-02  4.19568461e-01  1.03001390e+00  1.03266523e+00  3.96590109e-02 -9.99914186e-01  1.03001390e+00  1.03266523e+00  3.96590109e-02 -9.99914186e-01  1.03001390e+00  1.03266523e+00  3.96590109e-02  4.19568461e-01  1.03001390e+00  1.03266523e+00  3.96590109e-02 -9.99914186e-01  1.03001390e+00  1.03266523e+00  3.96590109e-02 -9.99914186e-01  1.03001390e+00
 1.01485591e+00  3.66684729e-02  4.12207010e-01  9.65375792e-01  1.01485591e+00  3.66684729e-02 -9.99555507e-01  9.65375792e-01  1.01485591e+00  3.66684729e-02 -9.99555507e-01  9.65375792e-01  1.01485591e+00  3.66684729e-02  4.12207010e-01  9.65375792e-01  1.01485591e+00  3.66684729e-02 -9.99555507e-01  9.65375792e-01  1.01485591e+00  3.66684729e-02 -9.99555507e-01  9.65375792e-01
 9.95046058e-01  4.00506561e-02  4.50517294e-01  1.32399112e+00  9.95046058e-01  4.00506561e-02 -9.99925482e-01  1.32399112e+00  9.95046058e-01  4.00506561e-02 -9.99925482e-01  1.32399112e+00  9.95046058e-01  4.00506561e-02  4.50517294e-01  1.32399112e+00  9.95046058e-01  4.00506561e-02 -9.99925482e-01  1.32399112e+00  9.95046058e-01  4.00506561e-02 -9.99925482e-01  1.32399112e+00
 9.84411451e-01  6.84048833e-02  5.42468717e-01  2.22530340e+00  9.84411451e-01  6.84048833e-02 -9.99732528e-01  2.22530340e+00  9.84411451e-01  6.84048833e-02 -9.99732528e-01  2.22530340e+00  9.84411451e-01  6.84048833e-02  5.42468717e-01  2.22530340e+00  9.84411451e-01  6.84048833e-02 -9.99732528e-01  2.22530340e+00  9.84411451e-01  6.84048833e-02 -9.99732528e-01  2.22530340e+00
 9.63400772e-01  1.37390105e-02  4.34661874e-01  9.37096200e-01  9.63400772e-01  1.37390105e-02 -9.99804596e-01  9.37096200e-01  9.63400772e-01  1.37390105e-02 -9.99804596e-01  9.37096200e-01  9.63400772e-01  1.37390105e-02  4.34661874e-01  9.37096200e-01  9.63400772e-01  1.37390105e-02 -9.99804596e-01  9.37096200e-01  9.63400772e-01  1.37390105e-02 -9.99804596e-01  9.37096200e-01
 1.08626790e+00  4.14157451e-02  4.69646428e-01  1.21484752e+00  1.08626790e+00  4.14157451e-02 -9.99708578e-01  1.21484752e+00  1.08626790e+00  4.14157451e-02 -9.99708578e-01  1.21484752e+00  1.08626790e+00  4.14157451e-02  4.69646428e-01  1.21484752e+00  1.08626790e+00  4.14157451e-02 -9.99708578e-01  1.21484752e+00  1.08626790e+00  4.14157451e-02 -9.99708578e-01  1.21484752e+00
 9.99671489e-01  5.09118528e-04  4.78265747e-01  8.76333407e-01  9.99671489e-01  5.09118528e-04 -9.99675419e-01  8.76333407e-01  9.99671489e-01  5.09118528e-04 -9.99675419e-01  8.76333407e-01  9.99671489e-01  5.09118528e-04  4.78265747e-01  8.76333407e-01  9.99671489e-01  5.09118528e-04 -9.99675419e-01  8.76333407e-01  9.99671489e-01  5.09118528e-04 -9.99675419e-01  8.76333407e-01
 8.78843788e-01  5.25061389e-03  4.41182966e-01  1.08185840e+00  8.78843788e-01  5.25061389e-03 -9.99975011e-01  1.08185840e+00  8.78843788e-01  5.25061389e-03 -9.99975011e-01  1.08185840e+00  8.78843788e-01  5.25061389e-03  4.41182966e-01  1.08185840e+00  8.78843788e-01  5.25061389e-03 -9.99975011e-01  1.08185840e+00  8.78843788e-01  5.25061389e-03 -9.99975011e-01  1.08185840e+00
 9.79937881e-01  2.99495022e-02  4.83250988e-01  1.35924515e+00  9.79937881e-01  2.99495022e-02 -9.99786181e-01  1.35924515e+00  9.79937881e-01  2.99495022e-02 -9.99786181e-01  1.35924515e+00  9.79937881e-01  2.99495022e-02  4.83250988e-01  1.35924515e+00  9.79937881e-01  2.99495022e-02 -9.99786181e-01  1.35924515e+00  9.79937881e-01  2.99495022e-02 -9.99786181e-01  1.35924515e+00
 9.82115816e-01  3.61142178e-02  3.82858408e-01  9.80331554e-01  9.82115816e-01  3.61142178e-02 -9.99520893e-01  9.80331554e-01  9.82115816e-01  3.61142178e-02 -9.99520893e-01  9.80331554e-01  9.82115816e-01  3.61142178e-02  3.82858408e-01  9.80331554e-01  9.82115816e-01  3.61142178e-02 -9.99520893e-01  9.80331554e-01  9.82115816e-01  3.61142178e-02 -9.99520893e-01  9.80331554e-01
 8.98866954e-01  2.76943648e-03  4.35704491e-01  9.39540527e-01  8.98866954e-01  2.76943648e-03 -9.99928857e-01  9.39540527e-01  8.98866954e-01  2.76943648e-03 -9.99928857e-01  9.39540527e-01  8.98866954e-01  2.76943648e-03  4.35704491e-01  9.39540527e-01  8.98866954e-01  2.76943648e-03 -9.99928857e-01  9.39540527e-01  8.98866954e-01  2.76943648e-03 -9.99928857e-01  9.39540527e-01
 9.90004036e-01  1.54008116e-02  4.10144641e-01  7.37910229e-01  9.90004036e-01  1.54008116e-02 -9.99725572e-01  7.37910229e-01  9.90004036e-01  1.54008116e-02 -9.99725572e-01  7.37910229e-01  9.90004036e-01  1.54008116e-02  4.10144641e-01  7.37910229e-01  9.90004036e-01  1.54008116e-02 -9.99725572e-01  7.37910229e-01  9.90004036e-01  1.54008116e-02 -9.99725572e-01  7.37910229e-01
 9.10996194e-01  1.02067601e-02  3.66830865e-01  6.09971835e-01  9.10996194e-01  1.02067601e-02 -9.99760749e-01  6.09971835e-01  9.10996194e-01  1.02067601e-02 -9.99760749e-01  6.09971835e-01  9.10996194e-01  1.02067601e-02  3.66830865e-01  6.09971835e-01  9.10996194e-01  1.02067601e-02 -9.99760749e-01  6.09971835e-01  9.10996194e-01  1.02067601e-02 -9.99760749e-01  6.09971835e-01
 9.88557511e-01  4.93229292e-02  4.82623135e-01  1.62673680e+00  9.88557511e-01  4.93229292e-02 -9.99830836e-01  1.62673680e+00  9.88557511e-01  4.93229292e-02 -9.99830836e-01  1.62673680e+00  9.88557511e-01  4.93229292e-02  4.82623135e-01  1.62673680e+00  9.88557511e-01  4.93229292e-02 -9.99830836e-01  1.62673680e+00  9.88557511e-01  4.93229292e-02 -9.99830836e-01  1.62673680e+00
 9.37041136e-01  2.23155692e-02  5.45571286e-01  1.73231498e+00  9.37041136e-01  2.23155692e-02 -9.99948292e-01  1.73231498e+00  9.37041136e-01  2.23155692e-02 -9.99948292e-01  1.73231498e+00  9.37041136e-01  2.23155692e-02  5.45571286e-01  1.73231498e+00  9.37041136e-01  2.23155692e-02 -9.99948292e-01  1.73231498e+00  9.37041136e-01  2.23155692e-02 -9.99948292e-01  1.73231498e+00
 9.70372013e-01  5.08752908e-02  4.09745002e-01  1.30485232e+00  9.70372013e-01  5.08752908e-02 -9.98896058e-01  1.30485232e+00  9.70372013e-01  5.08752908e-02 -9.98896058e-01  1.30485232e+00  9.70372013e-01  5.08752908e-02  4.09745002e-01  1.30485232e+00  9.70372013e-01  5.08752908e-02 -9.98896058e-01  1.30485232e+00  9.70372013e-01  5.08752908e-02 -9.98896058e-01  1.30485232e+00
 1.00572724e+00  1.33261300e-02  3.81783529e-01  5.58892417e-01  1.00572724e+00  1.33261300e-02 -9.99719958e-01  5.58892417e-01  1.00572724e+00  1.33261300e-02 -9.99719958e-01  5.58892417e-01  1.00572724e+00  1.33261300e-02  3.81783529e-01  5.58892417e-01  1.00572724e+00  1.33261300e-02 -9.99719958e-01  5.58892417e-01  1.00572724e+00  1.33261300e-02 -9.99719958e-01  5.58892417e-01
 1.01373463e+00  3.14647276e-02  4.82465849e-01  1.27337019e+00  1.01373463e+00  3.14647276e-02 -9.98977323e-01  1.27337019e+00  1.01373463e+00  3.14647276e-02 -9.98977323e-01  1.27337019e+00  1.01373463e+00  3.14647276e-02  4.82465849e-01  1.27337019e+00  1.01373463e+00  3.14647276e-02 -9.98977323e-01  1.27337019e+00  1.01373463e+00  3.14647276e-02 -9.98977323e-01  1.27337019e+00
 9.02139063e-01  2.28273734e-02  4.49363407e-01  1.27128155e+00  9.02139063e-01  2.28273734e-02 -9.99561886e-01  1.27128155e+00  9.02139063e-01  2.28273734e-02 -9.99561886e-01  1.27128155e+00  9.02139063e-01  2.28273734e-02  4.49363407e-01  1.27128155e+00  9.02139063e-01  2.28273734e-02 -9.99561886e-01  1.27128155e+00  9.02139063e-01  2.28273734e-02 -9.99561886e-01  1.27128155e+00
 1.00151073e+00  3.51528903e-02  4.69085213e-01  1.34785056e+00  1.00151073e+00  3.51528903e-02 -9.99796387e-01  1.34785056e+00  1.00151073e+00  3.51528903e-02 -9.99796387e-01  1.34785056e+00  1.00151073e+00  3.51528903e-02  4.69085213e-01  1.34785056e+00  1.00151073e+00  3.51528903e-02 -9.99796387e-01  1.34785056e+00  1.00151073e+00  3.51528903e-02 -9.99796387e-01  1.34785056e+00
 9.33348100e-01  1.43820859e-02  4.40963411e-01  1.01758584e+00  9.33348100e-01  1.43820859e-02 -9.99525811e-01  1.01758584e+00  9.33348100e-01  1.43820859e-02 -9.99525811e-01  1.01758584e+00  9.33348100e-01  1.43820859e-02  4.40963411e-01  1.01758584e+00  9.33348100e-01  1.43820859e-02 -9.99525811e-01  1.01758584e+00  9.33348100e-01  1.43820859e-02 -9.99525811e-01  1.01758584e+00
 9.65910509e-01  5.95002899e-03  4.23942406e-01  8.16095461e-01  9.65910509e-01  5.95002899e-03 -9.99879247e-01  8.16095461e-01  9.65910509e-01  5.95002899e-03 -9.99879247e-01  8.16095461e-01  9.65910509e-01  5.95002899e-03  4.23942406e-01  8.16095461e-01  9.65910509e-01  5.95002899e-03 -9.99879247e-01  8.16095461e-01  9.65910509e-01  5.95002899e-03 -9.99879247e-01  8.16095461e-01
 1.02340598e+00  2.00529976e-02  4.12595997e-01  7.22119574e-01  1.02340598e+00  2.00529976e-02 -9.99943296e-01  7.22119574e-01  1.02340598e+00  2.00529976e-02 -9.99943296e-01  7.22119574e-01  1.02340598e+00  2.00529976e-02  4.12595997e-01  7.22119574e-01  1.02340598e+00  2.00529976e-02 -9.99943296e-01  7.22119574e-01  1.02340598e+00  2.00529976e-02 -9.99943296e-01  7.22119574e-01
 9.54174518e-01  7.58946453e-04  3.69872822e-01  4.45934177e-01  9.54174518e-01  7.58946453e-04 -9.99892529e-01  4.45934177e-01  9.54174518e-01  7.58946453e-04 -9.99892529e-01  4.45934177e-01  9.54174518e-01  7.58946453e-04  3.69872822e-01  4.45934177e-01  9.54174518e-01  7.58946453e-04 -9.99892529e-01  4.45934177e-01  9.54174518e-01  7.58946453e-04 -9.99892529e-01  4.45934177e-01
 9.64375944e-01  3.76241197e-02  3.71504076e-01  9.30991425e-01  9.64375944e-01  3.76241197e-02 -9.99843238e-01  9.30991425e-01  9.64375944e-01  3.76241197e-02 -9.99843238e-01  9.30991425e-01  9.64375944e-01  3.76241197e-02  3.71504076e-01  9.30991425e-01  9.64375944e-01  3.76241197e-02 -9.99843238e-01  9.30991425e-01  9.64375944e-01  3.76241197e-02 -9.99843238e-01  9.30991425e-01
 9.61341698e-01  1.11411795e-02  4.87092832e-01  1.22486299e+00  9.61341698e-01  1.11411795e-02 -9.99954305e-01  1.22486299e+00  9.61341698e-01  1.11411795e-02 -9.99954305e-01  1.22486299e+00  9.61341698e-01  1.11411795e-02  4.87092832e-01  1.22486299e+00  9.61341698e-01  1.11411795e-02 -9.99954305e-01  1.22486299e+00  9.61341698e-01  1.11411795e-02 -9.99954305e-01  1.22486299e+00
 9.36157126e-01  8.53723697e-03  4.44279068e-01  9.65869646e-01  9.36157126e-01  8.53723697e-03 -9.99801939e-01  9.65869646e-01  9.36157126e-01  8.53723697e-03 -9.99801939e-01  9.65869646e-01  9.36157126e-01  8.53723697e-03  4.44279068e-01  9.65869646e-01  9.36157126e-01  8.53723697e-03 -9.99801939e-01  9.65869646e-01  9.36157126e-01  8.53723697e-03 -9.99801939e-01  9.65869646e-01
 9.65221375e-01  3.15381026e-02  4.14036987e-01  1.07479992e+00  9.65221375e-01  3.15381026e-02 -9.99642316e-01  1.07479992e+00  9.65221375e-01  3.15381026e-02 -9.99642316e-01  1.07479992e+00  9.65221375e-01  3.15381026e-02  4.14036987e-01  1.07479992e+00  9.65221375e-01  3.15381026e-02 -9.99642316e-01  1.07479992e+00  9.65221375e-01  3.15381026e-02 -9.99642316e-01  1.07479992e+00
 9.83063931e-01  2.36697028e-02  4.49113617e-01  1.12130428e+00  9.83063931e-01  2.36697028e-02 -9.99835848e-01  1.12130428e+00  9.83063931e-01  2.36697028e-02 -9.99835848e-01  1.12130428e+00  9.83063931e-01  2.36697028e-02  4.49113617e-01  1.12130428e+00  9.83063931e-01  2.36697028e-02 -9.99835848e-01  1.12130428e+00  9.83063931e-01  2.36697028e-02 -9.99835848e-01  1.12130428e+00
 1.07909161e+00  3.66029160e-02  4.45732063e-01  1.02509639e+00  1.07909161e+00  3.66029160e-02 -9.99664998e-01  1.02509639e+00  1.07909161e+00  3.66029160e-02 -9.99664998e-01  1.02509639e+00  1.07909161e+00  3.66029160e-02  4.45732063e-01  1.02509639e+00  1.07909161e+00  3.66029160e-02 -9.99664998e-01  1.02509639e+00  1.07909161e+00  3.66029160e-02 -9.99664998e-01  1.02509639e+00
 1.01745719e+00  3.57660981e-02  5.17367482e-01  1.57382546e+00  1.01745719e+00  3.57660981e-02 -9.99854234e-01  1.57382546e+00  1.01745719e+00  3.57660981e-02 -9.99854234e-01  1.57382546e+00  1.01745719e+00  3.57660981e-02  5.17367482e-01  1.57382546e+00  1.01745719e+00  3.57660981e-02 -9.99854234e-01  1.57382546e+00  1.01745719e+00  3.57660981e-02 -9.99854234e-01  1.57382546e+00
 9.44761718e-01  9.23295309e-03  4.33598211e-01  9.07086965e-01  9.44761718e-01  9.23295309e-03 -9.99795269e-01  9.07086965e-01  9.44761718e-01  9.23295309e-03 -9.99795269e-01  9.07086965e-01  9.44761718e-01  9.23295309e-03  4.33598211e-01  9.07086965e-01  9.44761718e-01  9.23295309e-03 -9.99795269e-01  9.07086965e-01  9.44761718e-01  9.23295309e-03 -9.99795269e-01  9.07086965e-01
 1.01036230e+00  5.39634570e-02  4.49099165e-01  1.42058227e+00  1.01036230e+00  5.39634570e-02 -9.99556701e-01  1.42058227e+00  1.01036230e+00  5.39634570e-02 -9.99556701e-01  1.42058227e+00  1.01036230e+00  5.39634570e-02  4.49099165e-01  1.42058227e+00  1.01036230e+00  5.39634570e-02 -9.99556701e-01  1.42058227e+00  1.01036230e+00  5.39634570e-02 -9.99556701e-01  1.42058227e+00
 9.95908250e-01  5.31021014e-02  4.31842527e-01  1.37018251e+00  9.95908250e-01  5.31021014e-02 -9.99955209e-01  1.37018251e+00  9.95908250e-01  5.31021014e-02 -9.99955209e-01  1.37018251e+00  9.95908250e-01  5.31021014e-02  4.31842527e-01  1.37018251e+00  9.95908250e-01  5.31021014e-02 -9.99955209e-01  1.37018251e+00  9.95908250e-01  5.31021014e-02 -9.99955209e-01  1.37018251e+00
 1.04553145e+00  2.43560402e-02  3.65919435e-01  5.11252850e-01  1.04553145e+00  2.43560402e-02 -9.99804749e-01  5.11252850e-01  1.04553145e+00  2.43560402e-02 -9.99804749e-01  5.11252850e-01  1.04553145e+00  2.43560402e-02  3.65919435e-01  5.11252850e-01  1.04553145e+00  2.43560402e-02 -9.99804749e-01  5.11252850e-01  1.04553145e+00  2.43560402e-02 -9.99804749e-01  5.11252850e-01
 1.00119589e+00  2.56778883e-02  4.59044688e-01  1.04671406e+00  1.00119589e+00  2.56778883e-02 -9.99595343e-01  1.04671406e+00  1.00119589e+00  2.56778883e-02 -9.99595343e-01  1.04671406e+00  1.00119589e+00  2.56778883e-02  4.59044688e-01  1.04671406e+00  1.00119589e+00  2.56778883e-02 -9.99595343e-01  1.04671406e+00  1.00119589e+00  2.56778883e-02 -9.99595343e-01  1.04671406e+00
 1.03965078e+00  5.42870912e-02  4.02960980e-01  1.12734941e+00  1.03965078e+00  5.42870912e-02 -9.99595439e-01  1.12734941e+00  1.03965078e+00  5.42870912e-02 -9.99595439e-01  1.12734941e+00  1.03965078e+00  5.42870912e-02  4.02960980e-01  1.12734941e+00  1.03965078e+00  5.42870912e-02 -9.99595439e-01  1.12734941e+00  1.03965078e+00  5.42870912e-02 -9.99595439e-01  1.12734941e+00
 9.78316366e-01  1.74988754e-02  4.51189615e-01  1.05568463e+00  9.78316366e-01  1.74988754e-02 -9.99951850e-01  1.05568463e+00  9.78316366e-01  1.74988754e-02 -9.99951850e-01  1.05568463e+00  9.78316366e-01  1.74988754e-02  4.51189615e-01  1.05568463e+00  9.78316366e-01  1.74988754e-02 -9.99951850e-01  1.05568463e+00  9.78316366e-01  1.74988754e-02 -9.99951850e-01  1.05568463e+00
 9.29300236e-01  6.60094004e-03  4.89563814e-01  1.22743399e+00  9.29300236e-01  6.60094004e-03 -9.99792438e-01  1.22743399e+00  9.29300236e-01  6.60094004e-03 -9.99792438e-01  1.22743399e+00  9.29300236e-01  6.60094004e-03  4.89563814e-01  1.22743399e+00  9.29300236e-01  6.60094004e-03 -9.99792438e-01  1.22743399e+00  9.29300236e-01  6.60094004e-03 -9.99792438e-01  1.22743399e+00
 8.73347638e-01  3.17326880e-02  5.05445274e-01  1.80992896e+00  8.73347638e-01  3.17326880e-02 -9.99663213e-01  1.80992896e+00  8.73347638e-01  3.17326880e-02 -9.99663213e-01  1.80992896e+00  8.73347638e-01  3.17326880e-02  5.05445274e-01  1.80992896e+00  8.73347638e-01  3.17326880e-02 -9.99663213e-01  1.80992896e+00  8.73347638e-01  3.17326880e-02 -9.99663213e-01  1.80992896e+00
 9.42639659e-01  2.48420041e-02  3.83515448e-01  8.47948986e-01  9.42639659e-01  2.48420041e-02 -9.99599405e-01  8.47948986e-01  9.42639659e-01  2.48420041e-02 -9.99599405e-01  8.47948986e-01  9.42639659e-01  2.48420041e-02  3.83515448e-01  8.47948986e-01  9.42639659e-01  2.48420041e-02 -9.99599405e-01  8.47948986e-01  9.42639659e-01  2.48420041e-02 -9.99599405e-01  8.47948986e-01
 9.99169487e-01  5.24295575e-02  5.16026745e-01  1.86387425e+00  9.99169487e-01  5.24295575e-02 -9.99946581e-01  1.86387425e+00  9.99169487e-01  5.24295575e-02 -9.99946581e-01  1.86387425e+00  9.99169487e-01  5.24295575e-02  5.16026745e-01  1.86387425e+00  9.99169487e-01  5.24295575e-02 -9.99946581e-01  1.86387425e+00  9.99169487e-01  5.24295575e-02 -9.99946581e-01  1.86387425e+00
 1.02610263e+00  4.18468702e-02  3.63621044e-01  7.69746481e-01  1.02610263e+00  4.18468702e-02 -9.99854234e-01  7.69746481e-01  1.02610263e+00  4.18468702e-02 -9.99854234e-01  7.69746481e-01  1.02610263e+00  4.18468702e-02  3.63621044e-01  7.69746481e-01  1.02610263e+00  4.18468702e-02 -9.99854234e-01  7.69746481e-01  1.02610263e+00  4.18468702e-02 -9.99854234e-01  7.69746481e-01
 9.96395073e-01  2.17022729e-02  3.79244662e-01  7.08301383e-01  9.96395073e-01  2.17022729e-02 -9.99986524e-01  7.08301383e-01  9.96395073e-01  2.17022729e-02 -9.99986524e-01  7.08301383e-01  9.96395073e-01  2.17022729e-02  3.79244662e-01  7.08301383e-01  9.96395073e-01  2.17022729e-02 -9.99986524e-01  7.08301383e-01  9.96395073e-01  2.17022729e-02 -9.99986524e-01  7.08301383e-01
 1.01258611e+00  1.93847193e-02  4.04096821e-01  8.16200040e-01  1.01258611e+00  1.93847193e-02 -9.99751694e-01  8.16200040e-01  1.01258611e+00  1.93847193e-02 -9.99751694e-01  8.16200040e-01  1.01258611e+00  1.93847193e-02  4.04096821e-01  8.16200040e-01  1.01258611e+00  1.93847193e-02 -9.99751694e-01  8.16200040e-01  1.01258611e+00  1.93847193e-02 -9.99751694e-01  8.16200040e-01
 9.59622996e-01  6.78840646e-03  3.79179841e-01  5.41386114e-01  9.59622996e-01  6.78840646e-03 -9.99758502e-01  5.41386114e-01  9.59622996e-01  6.78840646e-03 -9.99758502e-01  5.41386114e-01  9.59622996e-01  6.78840646e-03  3.79179841e-01  5.41386114e-01  9.59622996e-01  6.78840646e-03 -9.99758502e-01  5.41386114e-01  9.59622996e-01  6.78840646e-03 -9.99758502e-01  5.41386114e-01
 9.15761389e-01  4.00701347e-02  4.88430830e-01  1.70036674e+00  9.15761389e-01  4.00701347e-02 -9.99597435e-01  1.70036674e+00  9.15761389e-01  4.00701347e-02 -9.99597435e-01  1.70036674e+00  9.15761389e-01  4.00701347e-02  4.88430830e-01  1.70036674e+00  9.15761389e-01  4.00701347e-02 -9.99597435e-01  1.70036674e+00  9.15761389e-01  4.00701347e-02 -9.99597435e-01  1.70036674e+00
 9.86173205e-01  4.29166439e-02  4.80837201e-01  1.54967648e+00  9.86173205e-01  4.29166439e-02 -9.99469801e-01  1.54967648e+00  9.86173205e-01  4.29166439e-02 -9.99469801e-01  1.54967648e+00  9.86173205e-01  4.29166439e-02  4.80837201e-01  1.54967648e+00  9.86173205e-01  4.29166439e-02 -9.99469801e-01  1.54967648e+00  9.86173205e-01  4.29166439e-02 -9.99469801e-01  1.54967648e+00
 9.57731577e-01  7.07297244e-03  4.29892715e-01  8.01002994e-01  9.57731577e-01  7.07297244e-03 -9.99946586e-01  8.01002994e-01  9.57731577e-01  7.07297244e-03 -9.99946586e-01  8.01002994e-01  9.57731577e-01  7.07297244e-03  4.29892715e-01  8.01002994e-01  9.57731577e-01  7.07297244e-03 -9.99946586e-01  8.01002994e-01  9.57731577e-01  7.07297244e-03 -9.99946586e-01  8.01002994e-01
 1.04201592e+00  2.13736187e-02  3.98313332e-01  6.50925780e-01  1.04201592e+00  2.13736187e-02 -9.98636791e-01  6.50925780e-01  1.04201592e+00  2.13736187e-02 -9.98636791e-01  6.50925780e-01  1.04201592e+00  2.13736187e-02  3.98313332e-01  6.50925780e-01  1.04201592e+00  2.13736187e-02 -9.98636791e-01  6.50925780e-01  1.04201592e+00  2.13736187e-02 -9.98636791e-01  6.50925780e-01
 1.01606746e+00  3.78539071e-02  5.11500230e-01  1.53809991e+00  1.01606746e+00  3.78539071e-02 -9.99956235e-01  1.53809991e+00  1.01606746e+00  3.78539071e-02 -9.99956235e-01  1.53809991e+00  1.01606746e+00  3.78539071e-02  5.11500230e-01  1.53809991e+00  1.01606746e+00  3.78539071e-02 -9.99956235e-01  1.53809991e+00  1.01606746e+00  3.78539071e-02 -9.99956235e-01  1.53809991e+00
 1.02364368e+00  2.97026845e-02  4.60513506e-01  1.15270438e+00  1.02364368e+00  2.97026845e-02 -9.99458990e-01  1.15270438e+00  1.02364368e+00  2.97026845e-02 -9.99458990e-01  1.15270438e+00  1.02364368e+00  2.97026845e-02  4.60513506e-01  1.15270438e+00  1.02364368e+00  2.97026845e-02 -9.99458990e-01  1.15270438e+00  1.02364368e+00  2.97026845e-02 -9.99458990e-01  1.15270438e+00
 9.50423736e-01  9.91085819e-03  4.45366032e-01  9.64959063e-01  9.50423736e-01  9.91085819e-03 -9.99630411e-01  9.64959063e-01  9.50423736e-01  9.91085819e-03 -9.99630411e-01  9.64959063e-01  9.50423736e-01  9.91085819e-03  4.45366032e-01  9.64959063e-01  9.50423736e-01  9.91085819e-03 -9.99630411e-01  9.64959063e-01  9.50423736e-01  9.91085819e-03 -9.99630411e-01  9.64959063e-01
 9.52947040e-01  2.45336446e-02  4.23711994e-01  1.09339897e+00  9.52947040e-01  2.45336446e-02 -9.99736588e-01  1.09339897e+00  9.52947040e-01  2.45336446e-02 -9.99736588e-01  1.09339897e+00  9.52947040e-01  2.45336446e-02  4.23711994e-01  1.09339897e+00  9.52947040e-01  2.45336446e-02 -9.99736588e-01  1.09339897e+00  9.52947040e-01  2.45336446e-02 -9.99736588e-01  1.09339897e+00
 1.02026847e+00  5.08757758e-02  4.35376923e-01  1.33646416e+00  1.02026847e+00  5.08757758e-02 -9.99858574e-01  1.33646416e+00  1.02026847e+00  5.08757758e-02 -9.99858574e-01  1.33646416e+00  1.02026847e+00  5.08757758e-02  4.35376923e-01  1.33646416e+00  1.02026847e+00  5.08757758e-02 -9.99858574e-01  1.33646416e+00  1.02026847e+00  5.08757758e-02 -9.99858574e-01  1.33646416e+00
 1.05067415e+00  3.95541397e-02  3.88804664e-01  8.44551032e-01  1.05067415e+00  3.95541397e-02 -9.99552381e-01  8.44551032e-01  1.05067415e+00  3.95541397e-02 -9.99552381e-01  8.44551032e-01  1.05067415e+00  3.95541397e-02  3.88804664e-01  8.44551032e-01  1.05067415e+00  3.95541397e-02 -9.99552381e-01  8.44551032e-01  1.05067415e+00  3.95541397e-02 -9.99552381e-01  8.44551032e-01
 1.05527007e+00  1.80778236e-02  3.99893659e-01  5.64579734e-01  1.05527007e+00  1.80778236e-02 -9.99473200e-01  5.64579734e-01  1.05527007e+00  1.80778236e-02 -9.99473200e-01  5.64579734e-01  1.05527007e+00  1.80778236e-02  3.99893659e-01  5.64579734e-01  1.05527007e+00  1.80778236e-02 -9.99473200e-01  5.64579734e-01  1.05527007e+00  1.80778236e-02 -9.99473200e-01  5.64579734e-01
 1.01263786e+00  3.24494523e-03  4.27287810e-01  6.69144274e-01  1.01263786e+00  3.24494523e-03 -9.99961042e-01  6.69144274e-01  1.01263786e+00  3.24494523e-03 -9.99961042e-01  6.69144274e-01  1.01263786e+00  3.24494523e-03  4.27287810e-01  6.69144274e-01  1.01263786e+00  3.24494523e-03 -9.99961042e-01  6.69144274e-01  1.01263786e+00  3.24494523e-03 -9.99961042e-01  6.69144274e-01
 1.01683233e+00  5.56698088e-02  4.21158080e-01  1.29886710e+00  1.01683233e+00  5.56698088e-02 -9.99852879e-01  1.29886710e+00  1.01683233e+00  5.56698088e-02 -9.99852879e-01  1.29886710e+00  1.01683233e+00  5.56698088e-02  4.21158080e-01  1.29886710e+00  1.01683233e+00  5.56698088e-02 -9.99852879e-01  1.29886710e+00  1.01683233e+00  5.56698088e-02 -9.99852879e-01  1.29886710e+00
 9.77559527e-01  3.10439169e-02  4.77947494e-01  1.39631493e+00  9.77559527e-01  3.10439169e-02 -9.99981190e-01  1.39631493e+00  9.77559527e-01  3.10439169e-02 -9.99981190e-01  1.39631493e+00  9.77559527e-01  3.10439169e-02  4.77947494e-01  1.39631493e+00  9.77559527e-01  3.10439169e-02 -9.99981190e-01  1.39631493e+00  9.77559527e-01  3.10439169e-02 -9.99981190e-01  1.39631493e+00
 9.24795860e-01  2.63835940e-02  4.49963231e-01  1.27074537e+00  9.24795860e-01  2.63835940e-02 -9.99467884e-01  1.27074537e+00  9.24795860e-01  2.63835940e-02 -9.99467884e-01  1.27074537e+00  9.24795860e-01  2.63835940e-02  4.49963231e-01  1.27074537e+00  9.24795860e-01  2.63835940e-02 -9.99467884e-01  1.27074537e+00  9.24795860e-01  2.63835940e-02 -9.99467884e-01  1.27074537e+00
 9.69445758e-01  4.14547690e-02  4.55386126e-01  1.44625829e+00  9.69445758e-01  4.14547690e-02 -9.99593665e-01  1.44625829e+00  9.69445758e-01  4.14547690e-02 -9.99593665e-01  1.44625829e+00  9.69445758e-01  4.14547690e-02  4.55386126e-01  1.44625829e+00  9.69445758e-01  4.14547690e-02 -9.99593665e-01  1.44625829e+00  9.69445758e-01  4.14547690e-02 -9.99593665e-01  1.44625829e+00
 9.83647885e-01  1.56238648e-02  3.75108235e-01  5.75855024e-01  9.83647885e-01  1.56238648e-02 -9.99733289e-01  5.75855024e-01  9.83647885e-01  1.56238648e-02 -9.99733289e-01  5.75855024e-01  9.83647885e-01  1.56238648e-02  3.75108235e-01  5.75855024e-01  9.83647885e-01  1.56238648e-02 -9.99733289e-01  5.75855024e-01  9.83647885e-01  1.56238648e-02 -9.99733289e-01  5.75855024e-01
 9.18333227e-01  2.81499142e-04  5.11158769e-01  1.27390393e+00  9.18333227e-01  2.81499142e-04 -9.99205326e-01  1.27390393e+00  9.18333227e-01  2.81499142e-04 -9.99205326e-01  1.27390393e+00  9.18333227e-01  2.81499142e-04  5.11158769e-01  1.27390393e+00  9.18333227e-01  2.81499142e-04 -9.99205326e-01  1.27390393e+00  9.18333227e-01  2.81499142e-04 -9.99205326e-01  1.27390393e+00
 1.00986054e+00  8.43443262e-03  4.83661249e-01  1.02763490e+00  1.00986054e+00  8.43443262e-03 -9.99693417e-01  1.02763490e+00  1.00986054e+00  8.43443262e-03 -9.99693417e-01  1.02763490e+00  1.00986054e+00  8.43443262e-03  4.83661249e-01  1.02763490e+00  1.00986054e+00  8.43443262e-03 -9.99693417e-01  1.02763490e+00  1.00986054e+00  8.43443262e-03 -9.99693417e-01  1.02763490e+00
 9.97450156e-01  2.42317180e-02  4.68206063e-01  1.22726584e+00  9.97450156e-01  2.42317180e-02 -9.99294126e-01  1.22726584e+00  9.97450156e-01  2.42317180e-02 -9.99294126e-01  1.22726584e+00  9.97450156e-01  2.42317180e-02  4.68206063e-01  1.22726584e+00  9.97450156e-01  2.42317180e-02 -9.99294126e-01  1.22726584e+00  9.97450156e-01  2.42317180e-02 -9.99294126e-01  1.22726584e+00
 1.00599442e+00  2.00133558e-02  4.65967909e-01  1.11163126e+00  1.00599442e+00  2.00133558e-02 -9.99511724e-01  1.11163126e+00  1.00599442e+00  2.00133558e-02 -9.99511724e-01  1.11163126e+00  1.00599442e+00  2.00133558e-02  4.65967909e-01  1.11163126e+00  1.00599442e+00  2.00133558e-02 -9.99511724e-01  1.11163126e+00  1.00599442e+00  2.00133558e-02 -9.99511724e-01  1.11163126e+00
 9.87849639e-01  5.32340428e-02  4.63548358e-01  1.61017066e+00  9.87849639e-01  5.32340428e-02 -9.99881389e-01  1.61017066e+00  9.87849639e-01  5.32340428e-02 -9.99881389e-01  1.61017066e+00  9.87849639e-01  5.32340428e-02  4.63548358e-01  1.61017066e+00  9.87849639e-01  5.32340428e-02 -9.99881389e-01  1.61017066e+00  9.87849639e-01  5.32340428e-02 -9.99881389e-01  1.61017066e+00
 9.57047282e-01  4.64466372e-02  5.39287197e-01  1.95026262e+00  9.57047282e-01  4.64466372e-02 -9.99069372e-01  1.95026262e+00  9.57047282e-01  4.64466372e-02 -9.99069372e-01  1.95026262e+00  9.57047282e-01  4.64466372e-02  5.39287197e-01  1.95026262e+00  9.57047282e-01  4.64466372e-02 -9.99069372e-01  1.95026262e+00  9.57047282e-01  4.64466372e-02 -9.99069372e-01  1.95026262e+00
 9.67178127e-01  6.15535879e-02  4.66533304e-01  1.74345602e+00  9.67178127e-01  6.15535879e-02 -9.99528056e-01  1.74345602e+00  9.67178127e-01  6.15535879e-02 -9.99528056e-01  1.74345602e+00  9.67178127e-01  6.15535879e-02  4.66533304e-01  1.74345602e+00  9.67178127e-01  6.15535879e-02 -9.99528056e-01  1.74345602e+00  9.67178127e-01  6.15535879e-02 -9.99528056e-01  1.74345602e+00
 9.50693833e-01  4.89090750e-03  5.45622522e-01  1.41818317e+00  9.50693833e-01  4.89090750e-03 -9.99795540e-01  1.41818317e+00  9.50693833e-01  4.89090750e-03 -9.99795540e-01  1.41818317e+00  9.50693833e-01  4.89090750e-03  5.45622522e-01  1.41818317e+00  9.50693833e-01  4.89090750e-03 -9.99795540e-01  1.41818317e+00  9.50693833e-01  4.89090750e-03 -9.99795540e-01  1.41818317e+00
 9.51230259e-01  7.42071601e-03  4.53744981e-01  9.91418635e-01  9.51230259e-01  7.42071601e-03 -9.99618867e-01  9.91418635e-01  9.51230259e-01  7.42071601e-03 -9.99618867e-01  9.91418635e-01  9.51230259e-01  7.42071601e-03  4.53744981e-01  9.91418635e-01  9.51230259e-01  7.42071601e-03 -9.99618867e-01  9.91418635e-01  9.51230259e-01  7.42071601e-03 -9.99618867e-01  9.91418635e-01
 9.92766466e-01  1.43330617e-02  4.42071123e-01  9.20864745e-01  9.92766466e-01  1.43330617e-02 -9.99041650e-01  9.20864745e-01  9.92766466e-01  1.43330617e-02 -9.99041650e-01  9.20864745e-01  9.92766466e-01  1.43330617e-02  4.42071123e-01  9.20864745e-01  9.92766466e-01  1.43330617e-02 -9.99041650e-01  9.20864745e-01  9.92766466e-01  1.43330617e-02 -9.99041650e-01  9.20864745e-01
 9.25583776e-01  2.65613857e-02  5.65258691e-01  1.92957581e+00  9.25583776e-01  2.65613857e-02 -9.99584412e-01  1.92957581e+00  9.25583776e-01  2.65613857e-02 -9.99584412e-01  1.92957581e+00  9.25583776e-01  2.65613857e-02  5.65258691e-01  1.92957581e+00  9.25583776e-01  2.65613857e-02 -9.99584412e-01  1.92957581e+00  9.25583776e-01  2.65613857e-02 -9.99584412e-01  1.92957581e+00
 1.04625372e+00  3.79599952e-02  3.89962416e-01  8.29741013e-01  1.04625372e+00  3.79599952e-02 -9.99702729e-01  8.29741013e-01  1.04625372e+00  3.79599952e-02 -9.99702729e-01  8.29741013e-01  1.04625372e+00  3.79599952e-02  3.89962416e-01  8.29741013e-01  1.04625372e+00  3.79599952e-02 -9.99702729e-01  8.29741013e-01  1.04625372e+00  3.79599952e-02 -9.99702729e-01  8.29741013e-01
 1.07726855e+00  3.09866196e-02  4.30429925e-01  8.63482673e-01  1.07726855e+00  3.09866196e-02 -9.99535740e-01  8.63482673e-01  1.07726855e+00  3.09866196e-02 -9.99535740e-01  8.63482673e-01  1.07726855e+00  3.09866196e-02  4.30429925e-01  8.63482673e-01  1.07726855e+00  3.09866196e-02 -9.99535740e-01  8.63482673e-01  1.07726855e+00  3.09866196e-02 -9.99535740e-01  8.63482673e-01
 1.00748600e+00  1.16437989e-02  4.16570441e-01  7.08107522e-01  1.00748600e+00  1.16437989e-02 -9.99870717e-01  7.08107522e-01  1.00748600e+00  1.16437989e-02 -9.99870717e-01  7.08107522e-01  1.00748600e+00  1.16437989e-02  4.16570441e-01  7.08107522e-01  1.00748600e+00  1.16437989e-02 -9.99870717e-01  7.08107522e-01  1.00748600e+00  1.16437989e-02 -9.99870717e-01  7.08107522e-01
 9.45988152e-01  7.15327583e-03  4.04301037e-01  6.95868486e-01  9.45988152e-01  7.15327583e-03 -9.99754776e-01  6.95868486e-01  9.45988152e-01  7.15327583e-03 -9.99754776e-01  6.95868486e-01  9.45988152e-01  7.15327583e-03  4.04301037e-01  6.95868486e-01  9.45988152e-01  7.15327583e-03 -9.99754776e-01  6.95868486e-01  9.45988152e-01  7.15327583e-03 -9.99754776e-01  6.95868486e-01
 1.00296724e+00  2.68954649e-02  4.66396905e-01  1.15203183e+00  1.00296724e+00  2.68954649e-02 -9.99926728e-01  1.15203183e+00  1.00296724e+00  2.68954649e-02 -9.99926728e-01  1.15203183e+00  1.00296724e+00  2.68954649e-02  4.66396905e-01  1.15203183e+00  1.00296724e+00  2.68954649e-02 -9.99926728e-01  1.15203183e+00  1.00296724e+00  2.68954649e-02 -9.99926728e-01  1.15203183e+00
 8.75045649e-01  1.51431103e-02  4.38814265e-01  1.20386395e+00  8.75045649e-01  1.51431103e-02 -9.99194757e-01  1.20386395e+00  8.75045649e-01  1.51431103e-02 -9.99194757e-01  1.20386395e+00  8.75045649e-01  1.51431103e-02  4.38814265e-01  1.20386395e+00  8.75045649e-01  1.51431103e-02 -9.99194757e-01  1.20386395e+00  8.75045649e-01  1.51431103e-02 -9.99194757e-01  1.20386395e+00
 9.69352124e-01  2.01678194e-02  5.28320944e-01  1.51025336e+00  9.69352124e-01  2.01678194e-02 -9.99506404e-01  1.51025336e+00  9.69352124e-01  2.01678194e-02 -9.99506404e-01  1.51025336e+00  9.69352124e-01  2.01678194e-02  5.28320944e-01  1.51025336e+00  9.69352124e-01  2.01678194e-02 -9.99506404e-01  1.51025336e+00  9.69352124e-01  2.01678194e-02 -9.99506404e-01  1.51025336e+00
 9.67344226e-01  5.91770688e-03  5.34497603e-01  1.28182507e+00  9.67344226e-01  5.91770688e-03 -9.99762601e-01  1.28182507e+00  9.67344226e-01  5.91770688e-03 -9.99762601e-01  1.28182507e+00  9.67344226e-01  5.91770688e-03  5.34497603e-01  1.28182507e+00  9.67344226e-01  5.91770688e-03 -9.99762601e-01  1.28182507e+00  9.67344226e-01  5.91770688e-03 -9.99762601e-01  1.28182507e+00
 8.74275421e-01  1.07161729e-02  4.30797142e-01  1.18187118e+00  8.74275421e-01  1.07161729e-02 -9.99451435e-01  1.18187118e+00  8.74275421e-01  1.07161729e-02 -9.99451435e-01  1.18187118e+00  8.74275421e-01  1.07161729e-02  4.30797142e-01  1.18187118e+00  8.74275421e-01  1.07161729e-02 -9.99451435e-01  1.18187118e+00  8.74275421e-01  1.07161729e-02 -9.99451435e-01  1.18187118e+00
 9.96655491e-01  2.95280142e-03  4.66479409e-01  9.43344142e-01  9.96655491e-01  2.95280142e-03 -9.99797074e-01  9.43344142e-01  9.96655491e-01  2.95280142e-03 -9.99797074e-01  9.43344142e-01  9.96655491e-01  2.95280142e-03  4.66479409e-01  9.43344142e-01  9.96655491e-01  2.95280142e-03 -9.99797074e-01  9.43344142e-01  9.96655491e-01  2.95280142e-03 -9.99797074e-01  9.43344142e-01
 9.67705947e-01  1.98479926e-02  3.86432882e-01  7.19414017e-01  9.67705947e-01  1.98479926e-02 -9.99898744e-01  7.19414017e-01  9.67705947e-01  1.98479926e-02 -9.99898744e-01  7.19414017e-01  9.67705947e-01  1.98479926e-02  3.86432882e-01  7.19414017e-01  9.67705947e-01  1.98479926e-02 -9.99898744e-01  7.19414017e-01  9.67705947e-01  1.98479926e-02 -9.99898744e-01  7.19414017e-01
 9.82411808e-01  3.02002174e-02  3.93199342e-01  9.08892219e-01  9.82411808e-01  3.02002174e-02 -9.99811976e-01  9.08892219e-01  9.82411808e-01  3.02002174e-02 -9.99811976e-01  9.08892219e-01  9.82411808e-01  3.02002174e-02  3.93199342e-01  9.08892219e-01  9.82411808e-01  3.02002174e-02 -9.99811976e-01  9.08892219e-01  9.82411808e-01  3.02002174e-02 -9.99811976e-01  9.08892219e-01
 9.96047516e-01  1.76360480e-02  4.63824611e-01  1.10524924e+00  9.96047516e-01  1.76360480e-02 -9.99536023e-01  1.10524924e+00  9.96047516e-01  1.76360480e-02 -9.99536023e-01  1.10524924e+00  9.96047516e-01  1.76360480e-02  4.63824611e-01  1.10524924e+00  9.96047516e-01  1.76360480e-02 -9.99536023e-01  1.10524924e+00  9.96047516e-01  1.76360480e-02 -9.99536023e-01  1.10524924e+00
 9.08693556e-01  2.71247136e-02  5.32453887e-01  1.75126477e+00  9.08693556e-01  2.71247136e-02 -9.99457740e-01  1.75126477e+00  9.08693556e-01  2.71247136e-02 -9.99457740e-01  1.75126477e+00  9.08693556e-01  2.71247136e-02  5.32453887e-01  1.75126477e+00  9.08693556e-01  2.71247136e-02 -9.99457740e-01  1.75126477e+00  9.08693556e-01  2.71247136e-02 -9.99457740e-01  1.75126477e+00
 9.83356178e-01  2.26997505e-02  4.86230778e-01  1.31666103e+00  9.83356178e-01  2.26997505e-02 -9.99876348e-01  1.31666103e+00  9.83356178e-01  2.26997505e-02 -9.99876348e-01  1.31666103e+00  9.83356178e-01  2.26997505e-02  4.86230778e-01  1.31666103e+00  9.83356178e-01  2.26997505e-02 -9.99876348e-01  1.31666103e+00  9.83356178e-01  2.26997505e-02 -9.99876348e-01  1.31666103e+00
 9.82701799e-01  1.60308087e-02  3.78356196e-01  5.34014853e-01  9.82701799e-01  1.60308087e-02 -9.99885345e-01  5.34014853e-01  9.82701799e-01  1.60308087e-02 -9.99885345e-01  5.34014853e-01  9.82701799e-01  1.60308087e-02  3.78356196e-01  5.34014853e-01  9.82701799e-01  1.60308087e-02 -9.99885345e-01  5.34014853e-01  9.82701799e-01  1.60308087e-02 -9.99885345e-01  5.34014853e-01
 1.07383570e+00  3.21838275e-02  4.11051259e-01  7.52739323e-01  1.07383570e+00  3.21838275e-02 -9.99523267e-01  7.52739323e-01  1.07383570e+00  3.21838275e-02 -9.99523267e-01  7.52739323e-01  1.07383570e+00  3.21838275e-02  4.11051259e-01  7.52739323e-01  1.07383570e+00  3.21838275e-02 -9.99523267e-01  7.52739323e-01  1.07383570e+00  3.21838275e-02 -9.99523267e-01  7.52739323e-01
 9.92084725e-01  3.68326627e-02  4.55174935e-01  1.29251080e+00  9.92084725e-01  3.68326627e-02 -9.99523706e-01  1.29251080e+00  9.92084725e-01  3.68326627e-02 -9.99523706e-01  1.29251080e+00  9.92084725e-01  3.68326627e-02  4.55174935e-01  1.29251080e+00  9.92084725e-01  3.68326627e-02 -9.99523706e-01  1.29251080e+00  9.92084725e-01  3.68326627e-02 -9.99523706e-01  1.29251080e+00
 9.58495336e-01  5.32596231e-02  4.56336045e-01  1.58933974e+00  9.58495336e-01  5.32596231e-02 -9.99959790e-01  1.58933974e+00  9.58495336e-01  5.32596231e-02 -9.99959790e-01  1.58933974e+00  9.58495336e-01  5.32596231e-02  4.56336045e-01  1.58933974e+00  9.58495336e-01  5.32596231e-02 -9.99959790e-01  1.58933974e+00  9.58495336e-01  5.32596231e-02 -9.99959790e-01  1.58933974e+00
 9.18563323e-01  2.91886935e-02  5.00140854e-01  1.65651026e+00  9.18563323e-01  2.91886935e-02 -9.99503564e-01  1.65651026e+00  9.18563323e-01  2.91886935e-02 -9.99503564e-01  1.65651026e+00  9.18563323e-01  2.91886935e-02  5.00140854e-01  1.65651026e+00  9.18563323e-01  2.91886935e-02 -9.99503564e-01  1.65651026e+00  9.18563323e-01  2.91886935e-02 -9.99503564e-01  1.65651026e+00
 9.95239552e-01  2.63687499e-03  4.13700410e-01  6.15110835e-01  9.95239552e-01  2.63687499e-03 -9.99742052e-01  6.15110835e-01  9.95239552e-01  2.63687499e-03 -9.99742052e-01  6.15110835e-01  9.95239552e-01  2.63687499e-03  4.13700410e-01  6.15110835e-01  9.95239552e-01  2.63687499e-03 -9.99742052e-01  6.15110835e-01  9.95239552e-01  2.63687499e-03 -9.99742052e-01  6.15110835e-01
 8.68530797e-01  2.15880355e-02  4.44681376e-01  1.31835391e+00  8.68530797e-01  2.15880355e-02 -9.99449089e-01  1.31835391e+00  8.68530797e-01  2.15880355e-02 -9.99449089e-01  1.31835391e+00  8.68530797e-01  2.15880355e-02  4.44681376e-01  1.31835391e+00  8.68530797e-01  2.15880355e-02 -9.99449089e-01  1.31835391e+00  8.68530797e-01  2.15880355e-02 -9.99449089e-01  1.31835391e+00
 9.59998750e-01  4.14087866e-02  4.23717356e-01  1.28762768e+00  9.59998750e-01  4.14087866e-02 -9.99833871e-01  1.28762768e+00  9.59998750e-01  4.14087866e-02 -9.99833871e-01  1.28762768e+00  9.59998750e-01  4.14087866e-02  4.23717356e-01  1.28762768e+00  9.59998750e-01  4.14087866e-02 -9.99833871e-01  1.28762768e+00  9.59998750e-01  4.14087866e-02 -9.99833871e-01  1.28762768e+00
 9.69680073e-01  3.10978685e-02  4.04678058e-01  1.02911054e+00  9.69680073e-01  3.10978685e-02 -9.99835496e-01  1.02911054e+00  9.69680073e-01  3.10978685e-02 -9.99835496e-01  1.02911054e+00  9.69680073e-01  3.10978685e-02  4.04678058e-01  1.02911054e+00  9.69680073e-01  3.10978685e-02 -9.99835496e-01  1.02911054e+00  9.69680073e-01  3.10978685e-02 -9.99835496e-01  1.02911054e+00
 9.31012435e-01  2.34717035e-02  4.17258340e-01  1.07316946e+00  9.31012435e-01  2.34717035e-02 -9.99814116e-01  1.07316946e+00  9.31012435e-01  2.34717035e-02 -9.99814116e-01  1.07316946e+00  9.31012435e-01  2.34717035e-02  4.17258340e-01  1.07316946e+00  9.31012435e-01  2.34717035e-02 -9.99814116e-01  1.07316946e+00  9.31012435e-01  2.34717035e-02 -9.99814116e-01  1.07316946e+00
 9.89231617e-01  2.31414840e-02  3.61532627e-01  5.63061661e-01  9.89231617e-01  2.31414840e-02 -9.99699923e-01  5.63061661e-01  9.89231617e-01  2.31414840e-02 -9.99699923e-01  5.63061661e-01  9.89231617e-01  2.31414840e-02  3.61532627e-01  5.63061661e-01  9.89231617e-01  2.31414840e-02 -9.99699923e-01  5.63061661e-01  9.89231617e-01  2.31414840e-02 -9.99699923e-01  5.63061661e-01
 1.01006967e+00  6.93777086e-02  4.91396213e-01  1.88149045e+00  1.01006967e+00  6.93777086e-02 -9.99007297e-01  1.88149045e+00  1.01006967e+00  6.93777086e-02 -9.99007297e-01  1.88149045e+00  1.01006967e+00  6.93777086e-02  4.91396213e-01  1.88149045e+00  1.01006967e+00  6.93777086e-02 -9.99007297e-01  1.88149045e+00  1.01006967e+00  6.93777086e-02 -9.99007297e-01  1.88149045e+00
 9.22163470e-01  5.27784584e-02  4.44729412e-01  1.64285544e+00  9.22163470e-01  5.27784584e-02 -9.99280154e-01  1.64285544e+00  9.22163470e-01  5.27784584e-02 -9.99280154e-01  1.64285544e+00  9.22163470e-01  5.27784584e-02  4.44729412e-01  1.64285544e+00  9.22163470e-01  5.27784584e-02 -9.99280154e-01  1.64285544e+00  9.22163470e-01  5.27784584e-02 -9.99280154e-01  1.64285544e+00
 1.06516600e+00  4.16012984e-02  3.50942720e-01  6.31630243e-01  1.06516600e+00  4.16012984e-02 -9.99317912e-01  6.31630243e-01  1.06516600e+00  4.16012984e-02 -9.99317912e-01  6.31630243e-01  1.06516600e+00  4.16012984e-02  3.50942720e-01  6.31630243e-01  1.06516600e+00  4.16012984e-02 -9.99317912e-01  6.31630243e-01  1.06516600e+00  4.16012984e-02 -9.99317912e-01  6.31630243e-01
 9.30615999e-01  1.87322691e-02  4.05453664e-01  9.19679687e-01  9.30615999e-01  1.87322691e-02 -9.99642223e-01  9.19679687e-01  9.30615999e-01  1.87322691e-02 -9.99642223e-01  9.19679687e-01  9.30615999e-01  1.87322691e-02  4.05453664e-01  9.19679687e-01  9.30615999e-01  1.87322691e-02 -9.99642223e-01  9.19679687e-01  9.30615999e-01  1.87322691e-02 -9.99642223e-01  9.19679687e-01
 9.69983417e-01  4.92581654e-03  5.66218213e-01  1.53704973e+00  9.69983417e-01  4.92581654e-03 -9.99884147e-01  1.53704973e+00  9.69983417e-01  4.92581654e-03 -9.99884147e-01  1.53704973e+00  9.69983417e-01  4.92581654e-03  5.66218213e-01  1.53704973e+00  9.69983417e-01  4.92581654e-03 -9.99884147e-01  1.53704973e+00  9.69983417e-01  4.92581654e-03 -9.99884147e-01  1.53704973e+00
 8.66238117e-01  3.77170467e-03  4.42326188e-01  1.07590734e+00  8.66238117e-01  3.77170467e-03 -9.99619410e-01  1.07590734e+00  8.66238117e-01  3.77170467e-03 -9.99619410e-01  1.07590734e+00  8.66238117e-01  3.77170467e-03  4.42326188e-01  1.07590734e+00  8.66238117e-01  3.77170467e-03 -9.99619410e-01  1.07590734e+00  8.66238117e-01  3.77170467e-03 -9.99619410e-01  1.07590734e+00
 9.75679189e-01  2.76755621e-02  3.64182776e-01  7.09325617e-01  9.75679189e-01  2.76755621e-02 -9.99993466e-01  7.09325617e-01  9.75679189e-01  2.76755621e-02 -9.99993466e-01  7.09325617e-01  9.75679189e-01  2.76755621e-02  3.64182776e-01  7.09325617e-01  9.75679189e-01  2.76755621e-02 -9.99993466e-01  7.09325617e-01  9.75679189e-01  2.76755621e-02 -9.99993466e-01  7.09325617e-01
 9.03814097e-01  1.27161007e-02  5.34222936e-01  1.65248044e+00  9.03814097e-01  1.27161007e-02 -9.99665856e-01  1.65248044e+00  9.03814097e-01  1.27161007e-02 -9.99665856e-01  1.65248044e+00  9.03814097e-01  1.27161007e-02  5.34222936e-01  1.65248044e+00  9.03814097e-01  1.27161007e-02 -9.99665856e-01  1.65248044e+00  9.03814097e-01  1.27161007e-02 -9.99665856e-01  1.65248044e+00
 9.62549075e-01  9.67288183e-03  4.58191129e-01  1.03952447e+00  9.62549075e-01  9.67288183e-03 -9.99340643e-01  1.03952447e+00  9.62549075e-01  9.67288183e-03 -9.99340643e-01  1.03952447e+00  9.62549075e-01  9.67288183e-03  4.58191129e-01  1.03952447e+00  9.62549075e-01  9.67288183e-03 -9.99340643e-01  1.03952447e+00  9.62549075e-01  9.67288183e-03 -9.99340643e-01  1.03952447e+00
 1.00196141e+00  4.54438318e-02  4.42744757e-01  1.31343239e+00  1.00196141e+00  4.54438318e-02 -9.99702684e-01  1.31343239e+00  1.00196141e+00  4.54438318e-02 -9.99702684e-01  1.31343239e+00  1.00196141e+00  4.54438318e-02  4.42744757e-01  1.31343239e+00  1.00196141e+00  4.54438318e-02 -9.99702684e-01  1.31343239e+00  1.00196141e+00  4.54438318e-02 -9.99702684e-01  1.31343239e+00
 9.67465752e-01  3.95623354e-02  5.41100955e-01  1.87262272e+00  9.67465752e-01  3.95623354e-02 -9.99559726e-01  1.87262272e+00  9.67465752e-01  3.95623354e-02 -9.99559726e-01  1.87262272e+00  9.67465752e-01  3.95623354e-02  5.41100955e-01  1.87262272e+00  9.67465752e-01  3.95623354e-02 -9.99559726e-01  1.87262272e+00  9.67465752e-01  3.95623354e-02 -9.99559726e-01  1.87262272e+00
 1.04746400e+00  3.87723160e-02  4.42705309e-01  1.15658693e+00  1.04746400e+00  3.87723160e-02 -9.99762951e-01  1.15658693e+00  1.04746400e+00  3.87723160e-02 -9.99762951e-01  1.15658693e+00  1.04746400e+00  3.87723160e-02  4.42705309e-01  1.15658693e+00  1.04746400e+00  3.87723160e-02 -9.99762951e-01  1.15658693e+00  1.04746400e+00  3.87723160e-02 -9.99762951e-01  1.15658693e+00
 9.67384900e-01  2.45891253e-02  5.46720164e-01  1.69545309e+00  9.67384900e-01  2.45891253e-02 -9.99564426e-01  1.69545309e+00  9.67384900e-01  2.45891253e-02 -9.99564426e-01  1.69545309e+00  9.67384900e-01  2.45891253e-02  5.46720164e-01  1.69545309e+00  9.67384900e-01  2.45891253e-02 -9.99564426e-01  1.69545309e+00  9.67384900e-01  2.45891253e-02 -9.99564426e-01  1.69545309e+00
 1.02910405e+00  3.93553955e-02  5.13037773e-01  1.54554676e+00  1.02910405e+00  3.93553955e-02 -9.99921323e-01  1.54554676e+00  1.02910405e+00  3.93553955e-02 -9.99921323e-01  1.54554676e+00  1.02910405e+00  3.93553955e-02  5.13037773e-01  1.54554676e+00  1.02910405e+00  3.93553955e-02 -9.99921323e-01  1.54554676e+00  1.02910405e+00  3.93553955e-02 -9.99921323e-01  1.54554676e+00
 1.01120546e+00  2.44653941e-02  4.21475522e-01  9.21834187e-01  1.01120546e+00  2.44653941e-02 -9.99842937e-01  9.21834187e-01  1.01120546e+00  2.44653941e-02 -9.99842937e-01  9.21834187e-01  1.01120546e+00  2.44653941e-02  4.21475522e-01  9.21834187e-01  1.01120546e+00  2.44653941e-02 -9.99842937e-01  9.21834187e-01  1.01120546e+00  2.44653941e-02 -9.99842937e-01  9.21834187e-01
 9.26211467e-01  5.06994842e-03  4.13450485e-01  8.35519913e-01  9.26211467e-01  5.06994842e-03 -9.99928142e-01  8.35519913e-01  9.26211467e-01  5.06994842e-03 -9.99928142e-01  8.35519913e-01  9.26211467e-01  5.06994842e-03  4.13450485e-01  8.35519913e-01  9.26211467e-01  5.06994842e-03 -9.99928142e-01  8.35519913e-01  9.26211467e-01  5.06994842e-03 -9.99928142e-01  8.35519913e-01
 9.26846071e-01  2.58181039e-02  4.48483843e-01  1.25929141e+00  9.26846071e-01  2.58181039e-02 -9.99969867e-01  1.25929141e+00  9.26846071e-01  2.58181039e-02 -9.99969867e-01  1.25929141e+00  9.26846071e-01  2.58181039e-02  4.48483843e-01  1.25929141e+00  9.26846071e-01  2.58181039e-02 -9.99969867e-01  1.25929141e+00  9.26846071e-01  2.58181039e-02 -9.99969867e-01  1.25929141e+00
 9.40777263e-01  1.39482746e-03  4.71739683e-01  1.07210415e+00  9.40777263e-01  1.39482746e-03 -9.99207574e-01  1.07210415e+00  9.40777263e-01  1.39482746e-03 -9.99207574e-01  1.07210415e+00  9.40777263e-01  1.39482746e-03  4.71739683e-01  1.07210415e+00  9.40777263e-01  1.39482746e-03 -9.99207574e-01  1.07210415e+00  9.40777263e-01  1.39482746e-03 -9.99207574e-01  1.07210415e+00
 9.77121142e-01  1.47417481e-02  4.96794205e-01  1.25695494e+00  9.77121142e-01  1.47417481e-02 -9.99912213e-01  1.25695494e+00  9.77121142e-01  1.47417481e-02 -9.99912213e-01  1.25695494e+00  9.77121142e-01  1.47417481e-02  4.96794205e-01  1.25695494e+00  9.77121142e-01  1.47417481e-02 -9.99912213e-01  1.25695494e+00  9.77121142e-01  1.47417481e-02 -9.99912213e-01  1.25695494e+00
 9.40060442e-01  5.29764259e-03  4.36485034e-01  8.49969408e-01  9.40060442e-01  5.29764259e-03 -9.99938349e-01  8.49969408e-01  9.40060442e-01  5.29764259e-03 -9.99938349e-01  8.49969408e-01  9.40060442e-01  5.29764259e-03  4.36485034e-01  8.49969408e-01  9.40060442e-01  5.29764259e-03 -9.99938349e-01  8.49969408e-01  9.40060442e-01  5.29764259e-03 -9.99938349e-01  8.49969408e-01
 9.55646378e-01  2.77603245e-02  3.89441077e-01  9.45497928e-01  9.55646378e-01  2.77603245e-02 -9.99541223e-01  9.45497928e-01  9.55646378e-01  2.77603245e-02 -9.99541223e-01  9.45497928e-01  9.55646378e-01  2.77603245e-02  3.89441077e-01  9.45497928e-01  9.55646378e-01  2.77603245e-02 -9.99541223e-01  9.45497928e-01  9.55646378e-01  2.77603245e-02 -9.99541223e-01  9.45497928e-01
 1.04558024e+00  3.78688405e-02  4.87273908e-01  1.29463039e+00  1.04558024e+00  3.78688405e-02 -9.99910297e-01  1.29463039e+00  1.04558024e+00  3.78688405e-02 -9.99910297e-01  1.29463039e+00  1.04558024e+00  3.78688405e-02  4.87273908e-01  1.29463039e+00  1.04558024e+00  3.78688405e-02 -9.99910297e-01  1.29463039e+00  1.04558024e+00  3.78688405e-02 -9.99910297e-01  1.29463039e+00
 9.77371165e-01  4.10450074e-02  3.72608302e-01  9.61531779e-01  9.77371165e-01  4.10450074e-02 -9.99564904e-01  9.61531779e-01  9.77371165e-01  4.10450074e-02 -9.99564904e-01  9.61531779e-01  9.77371165e-01  4.10450074e-02  3.72608302e-01  9.61531779e-01  9.77371165e-01  4.10450074e-02 -9.99564904e-01  9.61531779e-01  9.77371165e-01  4.10450074e-02 -9.99564904e-01  9.61531779e-01
 8.51447748e-01  6.08078478e-03  4.29900858e-01  1.10468113e+00  8.51447748e-01  6.08078478e-03 -9.99969445e-01  1.10468113e+00  8.51447748e-01  6.08078478e-03 -9.99969445e-01  1.10468113e+00  8.51447748e-01  6.08078478e-03  4.29900858e-01  1.10468113e+00  8.51447748e-01  6.08078478e-03 -9.99969445e-01  1.10468113e+00  8.51447748e-01  6.08078478e-03 -9.99969445e-01  1.10468113e+00
 1.05136178e+00  4.45306823e-02  4.67690130e-01  1.34961606e+00  1.05136178e+00  4.45306823e-02 -9.99968181e-01  1.34961606e+00  1.05136178e+00  4.45306823e-02 -9.99968181e-01  1.34961606e+00  1.05136178e+00  4.45306823e-02  4.67690130e-01  1.34961606e+00  1.05136178e+00  4.45306823e-02 -9.99968181e-01  1.34961606e+00  1.05136178e+00  4.45306823e-02 -9.99968181e-01  1.34961606e+00
 1.02951740e+00  2.94219688e-02  3.98814321e-01  8.31051917e-01  1.02951740e+00  2.94219688e-02 -9.99463865e-01  8.31051917e-01  1.02951740e+00  2.94219688e-02 -9.99463865e-01  8.31051917e-01  1.02951740e+00  2.94219688e-02  3.98814321e-01  8.31051917e-01  1.02951740e+00  2.94219688e-02 -9.99463865e-01  8.31051917e-01  1.02951740e+00  2.94219688e-02 -9.99463865e-01  8.31051917e-01
 9.83096884e-01  4.63783068e-02  4.01665836e-01  1.16595706e+00  9.83096884e-01  4.63783068e-02 -9.99428867e-01  1.16595706e+00  9.83096884e-01  4.63783068e-02 -9.99428867e-01  1.16595706e+00  9.83096884e-01  4.63783068e-02  4.01665836e-01  1.16595706e+00  9.83096884e-01  4.63783068e-02 -9.99428867e-01  1.16595706e+00  9.83096884e-01  4.63783068e-02 -9.99428867e-01  1.16595706e+00
 9.76184740e-01  7.34233485e-03  4.39004714e-01  9.02523024e-01  9.76184740e-01  7.34233485e-03 -9.99842335e-01  9.02523024e-01  9.76184740e-01  7.34233485e-03 -9.99842335e-01  9.02523024e-01  9.76184740e-01  7.34233485e-03  4.39004714e-01  9.02523024e-01  9.76184740e-01  7.34233485e-03 -9.99842335e-01  9.02523024e-01  9.76184740e-01  7.34233485e-03 -9.99842335e-01  9.02523024e-01
 9.29683980e-01  3.51667965e-03  4.87580416e-01  1.18307174e+00  9.29683980e-01  3.51667965e-03 -9.99909218e-01  1.18307174e+00  9.29683980e-01  3.51667965e-03 -9.99909218e-01  1.18307174e+00  9.29683980e-01  3.51667965e-03  4.87580416e-01  1.18307174e+00  9.29683980e-01  3.51667965e-03 -9.99909218e-01  1.18307174e+00  9.29683980e-01  3.51667965e-03 -9.99909218e-01  1.18307174e+00
 9.80857656e-01  3.73580943e-04  5.00910507e-01  1.05550089e+00  9.80857656e-01  3.73580943e-04 -9.99976155e-01  1.05550089e+00  9.80857656e-01  3.73580943e-04 -9.99976155e-01  1.05550089e+00  9.80857656e-01  3.73580943e-04  5.00910507e-01  1.05550089e+00  9.80857656e-01  3.73580943e-04 -9.99976155e-01  1.05550089e+00  9.80857656e-01  3.73580943e-04 -9.99976155e-01  1.05550089e+00
 1.03595048e+00  5.18500241e-02  4.72428111e-01  1.47142935e+00  1.03595048e+00  5.18500241e-02 -9.99682680e-01  1.47142935e+00  1.03595048e+00  5.18500241e-02 -9.99682680e-01  1.47142935e+00  1.03595048e+00  5.18500241e-02  4.72428111e-01  1.47142935e+00  1.03595048e+00  5.18500241e-02 -9.99682680e-01  1.47142935e+00  1.03595048e+00  5.18500241e-02 -9.99682680e-01  1.47142935e+00
 9.92617928e-01  1.88154721e-03  4.14145533e-01  5.81810021e-01  9.92617928e-01  1.88154721e-03 -9.99926668e-01  5.81810021e-01  9.92617928e-01  1.88154721e-03 -9.99926668e-01  5.81810021e-01  9.92617928e-01  1.88154721e-03  4.14145533e-01  5.81810021e-01  9.92617928e-01  1.88154721e-03 -9.99926668e-01  5.81810021e-01  9.92617928e-01  1.88154721e-03 -9.99926668e-01  5.81810021e-01
 9.11006479e-01  1.71104198e-02  4.26527402e-01  1.00428657e+00  9.11006479e-01  1.71104198e-02 -9.99947567e-01  1.00428657e+00  9.11006479e-01  1.71104198e-02 -9.99947567e-01  1.00428657e+00  9.11006479e-01  1.71104198e-02  4.26527402e-01  1.00428657e+00  9.11006479e-01  1.71104198e-02 -9.99947567e-01  1.00428657e+00  9.11006479e-01  1.71104198e-02 -9.99947567e-01  1.00428657e+00
 1.01218842e+00  2.28271091e-02  4.05228421e-01  7.35858856e-01  1.01218842e+00  2.28271091e-02 -9.99532927e-01  7.35858856e-01  1.01218842e+00  2.28271091e-02 -9.99532927e-01  7.35858856e-01  1.01218842e+00  2.28271091e-02  4.05228421e-01  7.35858856e-01  1.01218842e+00  2.28271091e-02 -9.99532927e-01  7.35858856e-01  1.01218842e+00  2.28271091e-02 -9.99532927e-01  7.35858856e-01
 9.15288849e-01  2.25335248e-02  5.79272555e-01  1.95083807e+00  9.15288849e-01  2.25335248e-02 -9.99550660e-01  1.95083807e+00  9.15288849e-01  2.25335248e-02 -9.99550660e-01  1.95083807e+00  9.15288849e-01  2.25335248e-02  5.79272555e-01  1.95083807e+00  9.15288849e-01  2.25335248e-02 -9.99550660e-01  1.95083807e+00  9.15288849e-01  2.25335248e-02 -9.99550660e-01  1.95083807e+00
