 9.49939448e-01  2.12709276e+00  4.32633639e-01  2.50000000e-01  9.49939448e-01  2.12709276e+00  9.98089762e-01  2.50000000e-01  1.00000000e+00  1.00000000e+00  0.00000000e+00  2.50000000e-01  1.00000000e+00  1.00000000e+00  0.00000000e+00  2.50000000e-01  1.00000000e+00  1.00000000e+00  0.00000000e+00  2.50000000e-01  1.00000000e+00  1.00000000e+00  0.00000000e+00  2.50000000e-01
 1.03658746e+00  1.48393887e+00  7.21697144e-01  2.50000000e-01  1.03658746e+00  1.48393887e+00  9.99671341e-01  2.50000000e-01  1.00000000e+00  1.00000000e+00  0.00000000e+00  2.50000000e-01  1.00000000e+00  1.00000000e+00  0.00000000e+00  2.50000000e-01  1.00000000e+00  1.00000000e+00  0.00000000e+00  2.50000000e-01  1.00000000e+00  1.00000000e+00  0.00000000e+00  2.50000000e-01
 7.96437098e-01  7.19641154e-01  7.88366663e-01  2.50000000e-01  7.96437098e-01  7.19641154e-01  9.99142065e-01  2.50000000e-01  1.00000000e+00  1.00000000e+00  0.00000000e+00  2.50000000e-01  1.00000000e+00  1.00000000e+00  0.00000000e+00  2.50000000e-01  1.00000000e+00  1.00000000e+00  0.00000000e+00  2.50000000e-01  1.00000000e+00  1.00000000e+00  0.00000000e+00  2.50000000e-01
 7.12845017e-01  8.61378416e-01  5.25333842e-01  2.50000000e-01  7.12845017e-01  8.61378416e-01  9.98417912e-01  2.50000000e-01  1.00000000e+00  1.00000000e+00  0.00000000e+00  2.50000000e-01  1.00000000e+00  1.00000000e+00  0.00000000e+00  2.50000000e-01  1.00000000e+00  1.00000000e+00  0.00000000e+00  2.50000000e-01  1.00000000e+00  1.00000000e+00  0.00000000e+00  2.50000000e-01
 8.81601626e-01  1.57031354e+00  5.95324873e-01  2.50000000e-01  8.81601626e-01  1.57031354e+00  9.96409210e-01  2.50000000e-01  1.00000000e+00  1.00000000e+00  0.00000000e+00  2.50000000e-01  1.00000000e+00  1.00000000e+00  0.00000000e+00  2.50000000e-01  1.00000000e+00  1.00000000e+00  0.00000000e+00  2.50000000e-01  1.00000000e+00  1.00000000e+00  0.00000000e+00  2.50000000e-01
 5.45250999e-01  3.56391235e-01  6.11127603e-01  2.50000000e-01  5.45250999e-01  3.56391235e-01  9.99959819e-01  2.50000000e-01  1.00000000e+00  1.00000000e+00  0.00000000e+00  2.50000000e-01  1.00000000e+00  1.00000000e+00  0.00000000e+00  2.50000000e-01  1.00000000e+00  1.00000000e+00  0.00000000e+00  2.50000000e-01  1.00000000e+00  1.00000000e+00  0.00000000e+00  2.50000000e-01
 9.37073315e-01  2.09936480e+00  3.99399371e-01  2.50000000e-01  9.37073315e-01  2.09936480e+00  9.98844597e-01  2.50000000e-01  1.00000000e+00  1.00000000e+00  0.00000000e+00  2.50000000e-01  1.00000000e+00  1.00000000e+00  0.00000000e+00  2.50000000e-01  1.00000000e+00  1.00000000e+00  0.00000000e+00  2.50000000e-01  1.00000000e+00  1.00000000e+00  0.00000000e+00  2.50000000e-01
 6.82399023e-01  6.56548177e-01  5.87097379e-01  2.50000000e-01  6.82399023e-01  6.56548177e-01  9.98031853e-01  2.50000000e-01  1.00000000e+00  1.00000000e+00  0.00000000e+00  2.50000000e-01  1.00000000e+00  1.00000000e+00  0.00000000e+00  2.50000000e-01  1.00000000e+00  1.00000000e+00  0.00000000e+00  2.50000000e-01  1.00000000e+00  1.00000000e+00  0.00000000e+00  2.50000000e-01
 5.91260696e-01  1.54788666e-01  7.23028848e-01  2.50000000e-01  5.91260696e-01  1.54788666e-01  9.99014878e-01  2.50000000e-01  1.00000000e+00  1.00000000e+00  0.00000000e+00  2.50000000e-01  1.00000000e+00  1.00000000e+00  0.00000000e+00  2.50000000e-01  1.00000000e+00  1.00000000e+00  0.00000000e+00  2.50000000e-01  1.00000000e+00  1.00000000e+00  0.00000000e+00  2.50000000e-01
 1.03284204e+00  1.51002188e+00  7.51360378e-01  2.50000000e-01  1.03284204e+00  1.51002188e+00  9.98732317e-01  2.50000000e-01  1.00000000e+00  1.00000000e+00  0.00000000e+00  2.50000000e-01  1.00000000e+00  1.00000000e+00  0.00000000e+00  2.50000000e-01  1.00000000e+00  1.00000000e+00  0.00000000e+00  2.50000000e-01  1.00000000e+00  1.00000000e+00  0.00000000e+00  2.50000000e-01
 9.74240246e-01  1.78221912e+00  5.33388574e-01  2.50000000e-01  9.74240246e-01  1.78221912e+00  9.99815653e-01  2.50000000e-01  1.00000000e+00  1.00000000e+00  0.00000000e+00  2.50000000e-01  1.00000000e+00  1.00000000e+00  0.00000000e+00  2.50000000e-01  1.00000000e+00  1.00000000e+00  0.00000000e+00  2.50000000e-01  1.00000000e+00  1.00000000e+00  0.00000000e+00  2.50000000e-01
 4.20796878e-01  7.12773131e-01  3.71542809e-01  2.50000000e-01  4.20796878e-01  7.12773131e-01  9.99220173e-01  2.50000000e-01  1.00000000e+00  1.00000000e+00  0.00000000e+00  2.50000000e-01  1.00000000e+00  1.00000000e+00  0.00000000e+00  2.50000000e-01  1.00000000e+00  1.00000000e+00  0.00000000e+00  2.50000000e-01  1.00000000e+00  1.00000000e+00  0.00000000e+00  2.50000000e-01
 7.75320542e-01  1.33632764e+00  5.35338702e-01  2.50000000e-01  7.75320542e-01  1.33632764e+00  9.98108110e-01  2.50000000e-01  1.00000000e+00  1.00000000e+00  0.00000000e+00  2.50000000e-01  1.00000000e+00  1.00000000e+00  0.00000000e+00  2.50000000e-01  1.00000000e+00  1.00000000e+00  0.00000000e+00  2.50000000e-01  1.00000000e+00  1.00000000e+00  0.00000000e+00  2.50000000e-01
 1.11074379e+00  1.77757833e+00  7.18745779e-01  2.50000000e-01  1.11074379e+00  1.77757833e+00  9.97949158e-01  2.50000000e-01  1.00000000e+00  1.00000000e+00  0.00000000e+00  2.50000000e-01  1.00000000e+00  1.00000000e+00  0.00000000e+00  2.50000000e-01  1.00000000e+00  1.00000000e+00  0.00000000e+00  2.50000000e-01  1.00000000e+00  1.00000000e+00  0.00000000e+00  2.50000000e-01
 4.95381250e-01  5.65290076e-01  4.84440484e-01  2.50000000e-01  4.95381250e-01  5.65290076e-01  9.96868430e-01  2.50000000e-01  1.00000000e+00  1.00000000e+00  0.00000000e+00  2.50000000e-01  1.00000000e+00  1.00000000e+00  0.00000000e+00  2.50000000e-01  1.00000000e+00  1.00000000e+00  0.00000000e+00  2.50000000e-01  1.00000000e+00  1.00000000e+00  0.00000000e+00  2.50000000e-01
 8.68622387e-01  1.47987232e+00  5.47162141e-01  2.50000000e-01  8.68622387e-01  1.47987232e+00  9.99449065e-01  2.50000000e-01  1.00000000e+00  1.00000000e+00  0.00000000e+00  2.50000000e-01  1.00000000e+00  1.00000000e+00  0.00000000e+00  2.50000000e-01  1.00000000e+00  1.00000000e+00  0.00000000e+00  2.50000000e-01  1.00000000e+00  1.00000000e+00  0.00000000e+00  2.50000000e-01
 8.09912045e-01  1.08204599e+00  6.44265602e-01  2.50000000e-01  8.09912045e-01  1.08204599e+00  9.98684127e-01  2.50000000e-01  1.00000000e+00  1.00000000e+00  0.00000000e+00  2.50000000e-01  1.00000000e+00  1.00000000e+00  0.00000000e+00  2.50000000e-01  1.00000000e+00  1.00000000e+00  0.00000000e+00  2.50000000e-01  1.00000000e+00  1.00000000e+00  0.00000000e+00  2.50000000e-01
 5.66281046e-01  1.47694173e-01  8.30476629e-01  2.50000000e-01  5.66281046e-01  1.47694173e-01  9.95623872e-01  2.50000000e-01  1.00000000e+00  1.00000000e+00  0.00000000e+00  2.50000000e-01  1.00000000e+00  1.00000000e+00  0.00000000e+00  2.50000000e-01  1.00000000e+00  1.00000000e+00  0.00000000e+00  2.50000000e-01  1.00000000e+00  1.00000000e+00  0.00000000e+00  2.50000000e-01
 7.30155049e-01  5.90303294e-01  7.34407218e-01  2.50000000e-01  7.30155049e-01  5.90303294e-01  9.97395804e-01  2.50000000e-01  1.00000000e+00  1.00000000e+00  0.00000000e+00  2.50000000e-01  1.00000000e+00  1.00000000e+00  0.00000000e+00  2.50000000e-01  1.00000000e+00  1.00000000e+00  0.00000000e+00  2.50000000e-01  1.00000000e+00  1.00000000e+00  0.00000000e+00  2.50000000e-01
 1.14141134e+00  2.74196821e+00  4.21124915e-01  2.50000000e-01  1.14141134e+00  2.74196821e+00  9.99827100e-01  2.50000000e-01  1.00000000e+00  1.00000000e+00  0.00000000e+00  2.50000000e-01  1.00000000e+00  1.00000000e+00  0.00000000e+00  2.50000000e-01  1.00000000e+00  1.00000000e+00  0.00000000e+00  2.50000000e-01  1.00000000e+00  1.00000000e+00  0.00000000e+00  2.50000000e-01
 9.62647790e-01  1.33908906e+00  6.70462546e-01  2.50000000e-01  9.62647790e-01  1.33908906e+00  9.98565817e-01  2.50000000e-01  1.00000000e+00  1.00000000e+00  0.00000000e+00  2.50000000e-01  1.00000000e+00  1.00000000e+00  0.00000000e+00  2.50000000e-01  1.00000000e+00  1.00000000e+00  0.00000000e+00  2.50000000e-01  1.00000000e+00  1.00000000e+00  0.00000000e+00  2.50000000e-01
 6.26733215e-01  3.17059555e-01  7.74970796e-01  2.50000000e-01  6.26733215e-01  3.17059555e-01  9.97768204e-01  2.50000000e-01  1.00000000e+00  1.00000000e+00  0.00000000e+00  2.50000000e-01  1.00000000e+00  1.00000000e+00  0.00000000e+00  2.50000000e-01  1.00000000e+00  1.00000000e+00  0.00000000e+00  2.50000000e-01  1.00000000e+00  1.00000000e+00  0.00000000e+00  2.50000000e-01
 1.03227471e+00  8.33978700e-01  9.28878233e-01  2.50000000e-01  1.03227471e+00  8.33978700e-01  9.97406071e-01  2.50000000e-01  1.00000000e+00  1.00000000e+00  0.00000000e+00  2.50000000e-01  1.00000000e+00  1.00000000e+00  0.00000000e+00  2.50000000e-01  1.00000000e+00  1.00000000e+00  0.00000000e+00  2.50000000e-01  1.00000000e+00  1.00000000e+00  0.00000000e+00  2.50000000e-01
 8.67476214e-01  9.68308462e-01  7.68241016e-01  2.50000000e-01  8.67476214e-01  9.68308462e-01  9.99900080e-01  2.50000000e-01  1.00000000e+00  1.00000000e+00  0.00000000e+00  2.50000000e-01  1.00000000e+00  1.00000000e+00  0.00000000e+00  2.50000000e-01  1.00000000e+00  1.00000000e+00  0.00000000e+00  2.50000000e-01  1.00000000e+00  1.00000000e+00  0.00000000e+00  2.50000000e-01
 1.22314109e+00  2.13963166e+00  6.21190351e-01  2.50000000e-01  1.22314109e+00  2.13963166e+00  9.98774740e-01  2.50000000e-01  1.00000000e+00  1.00000000e+00  0.00000000e+00  2.50000000e-01  1.00000000e+00  1.00000000e+00  0.00000000e+00  2.50000000e-01  1.00000000e+00  1.00000000e+00  0.00000000e+00  2.50000000e-01  1.00000000e+00  1.00000000e+00  0.00000000e+00  2.50000000e-01
 8.08718019e-01  1.55162313e+00  5.28947257e-01  2.50000000e-01  8.08718019e-01  1.55162313e+00  9.99050076e-01  2.50000000e-01  1.00000000e+00  1.00000000e+00  0.00000000e+00  2.50000000e-01  1.00000000e+00  1.00000000e+00  0.00000000e+00  2.50000000e-01  1.00000000e+00  1.00000000e+00  0.00000000e+00  2.50000000e-01  1.00000000e+00  1.00000000e+00  0.00000000e+00  2.50000000e-01
 8.07402300e-01  1.68979815e+00  5.03330013e-01  2.50000000e-01  8.07402300e-01  1.68979815e+00  9.99519096e-01  2.50000000e-01  1.00000000e+00  1.00000000e+00  0.00000000e+00  2.50000000e-01  1.00000000e+00  1.00000000e+00  0.00000000e+00  2.50000000e-01  1.00000000e+00  1.00000000e+00  0.00000000e+00  2.50000000e-01  1.00000000e+00  1.00000000e+00  0.00000000e+00  2.50000000e-01
 6.46315943e-01  7.85033982e-01  5.35653437e-01  2.50000000e-01  6.46315943e-01  7.85033982e-01  9.99673858e-01  2.50000000e-01  1.00000000e+00  1.00000000e+00  0.00000000e+00  2.50000000e-01  1.00000000e+00  1.00000000e+00  0.00000000e+00  2.50000000e-01  1.00000000e+00  1.00000000e+00  0.00000000e+00  2.50000000e-01  1.00000000e+00  1.00000000e+00  0.00000000e+00  2.50000000e-01
 1.16364646e+00  2.84698681e+00  4.30562967e-01  2.50000000e-01  1.16364646e+00  2.84698681e+00  9.97571889e-01  2.50000000e-01  1.00000000e+00  1.00000000e+00  0.00000000e+00  2.50000000e-01  1.00000000e+00  1.00000000e+00  0.00000000e+00  2.50000000e-01  1.00000000e+00  1.00000000e+00  0.00000000e+00  2.50000000e-01  1.00000000e+00  1.00000000e+00  0.00000000e+00  2.50000000e-01
 5.61353098e-01  3.57332372e-01  6.13866740e-01  2.50000000e-01  5.61353098e-01  3.57332372e-01  9.99128662e-01  2.50000000e-01  1.00000000e+00  1.00000000e+00  0.00000000e+00  2.50000000e-01  1.00000000e+00  1.00000000e+00  0.00000000e+00  2.50000000e-01  1.00000000e+00  1.00000000e+00  0.00000000e+00  2.50000000e-01  1.00000000e+00  1.00000000e+00  0.00000000e+00  2.50000000e-01
 1.04511689e+00  1.84897819e+00  6.38984804e-01  2.50000000e-01  1.04511689e+00  1.84897819e+00  9.97083683e-01  2.50000000e-01  1.00000000e+00  1.00000000e+00  0.00000000e+00  2.50000000e-01  1.00000000e+00  1.00000000e+00  0.00000000e+00  2.50000000e-01  1.00000000e+00  1.00000000e+00  0.00000000e+00  2.50000000e-01  1.00000000e+00  1.00000000e+00  0.00000000e+00  2.50000000e-01
 7.53126194e-01  1.81702494e+00  3.82415057e-01  2.50000000e-01  7.53126194e-01  1.81702494e+00  9.98481575e-01  2.50000000e-01  1.00000000e+00  1.00000000e+00  0.00000000e+00  2.50000000e-01  1.00000000e+00  1.00000000e+00  0.00000000e+00  2.50000000e-01  1.00000000e+00  1.00000000e+00  0.00000000e+00  2.50000000e-01  1.00000000e+00  1.00000000e+00  0.00000000e+00  2.50000000e-01
 5.65465411e-01  9.85637394e-01  4.91649626e-01  2.50000000e-01  5.65465411e-01  9.85637394e-01  9.99657719e-01  2.50000000e-01  1.00000000e+00  1.00000000e+00  0.00000000e+00  2.50000000e-01  1.00000000e+00  1.00000000e+00  0.00000000e+00  2.50000000e-01  1.00000000e+00  1.00000000e+00  0.00000000e+00  2.50000000e-01  1.00000000e+00  1.00000000e+00  0.00000000e+00  2.50000000e-01
 1.03632032e+00  1.83317286e+00  5.79447901e-01  2.50000000e-01  1.03632032e+00  1.83317286e+00  9.99817337e-01  2.50000000e-01  1.00000000e+00  1.00000000e+00  0.00000000e+00  2.50000000e-01  1.00000000e+00  1.00000000e+00  0.00000000e+00  2.50000000e-01  1.00000000e+00  1.00000000e+00  0.00000000e+00  2.50000000e-01  1.00000000e+00  1.00000000e+00  0.00000000e+00  2.50000000e-01
 9.74737267e-01  1.89680973e+00  5.70172745e-01  2.50000000e-01  9.74737267e-01  1.89680973e+00  9.99802760e-01  2.50000000e-01  1.00000000e+00  1.00000000e+00  0.00000000e+00  2.50000000e-01  1.00000000e+00  1.00000000e+00  0.00000000e+00  2.50000000e-01  1.00000000e+00  1.00000000e+00  0.00000000e+00  2.50000000e-01  1.00000000e+00  1.00000000e+00  0.00000000e+00  2.50000000e-01
 1.10134038e+00  1.88635976e+00  5.81328939e-01  2.50000000e-01  1.10134038e+00  1.88635976e+00  9.99524479e-01  2.50000000e-01  1.00000000e+00  1.00000000e+00  0.00000000e+00  2.50000000e-01  1.00000000e+00  1.00000000e+00  0.00000000e+00  2.50000000e-01  1.00000000e+00  1.00000000e+00  0.00000000e+00  2.50000000e-01  1.00000000e+00  1.00000000e+00  0.00000000e+00  2.50000000e-01
 1.24291920e+00  2.61938297e+00  5.20565418e-01  2.50000000e-01  1.24291920e+00  2.61938297e+00  9.99810784e-01  2.50000000e-01  1.00000000e+00  1.00000000e+00  0.00000000e+00  2.50000000e-01  1.00000000e+00  1.00000000e+00  0.00000000e+00  2.50000000e-01  1.00000000e+00  1.00000000e+00  0.00000000e+00  2.50000000e-01  1.00000000e+00  1.00000000e+00  0.00000000e+00  2.50000000e-01
 9.14029985e-01  1.52317636e+00  5.68816290e-01  2.50000000e-01  9.14029985e-01  1.52317636e+00  9.97081493e-01  2.50000000e-01  1.00000000e+00  1.00000000e+00  0.00000000e+00  2.50000000e-01  1.00000000e+00  1.00000000e+00  0.00000000e+00  2.50000000e-01  1.00000000e+00  1.00000000e+00  0.00000000e+00  2.50000000e-01  1.00000000e+00  1.00000000e+00  0.00000000e+00  2.50000000e-01
 1.11058259e+00  2.48532433e+00  4.24380515e-01  2.50000000e-01  1.11058259e+00  2.48532433e+00  9.95964705e-01  2.50000000e-01  1.00000000e+00  1.00000000e+00  0.00000000e+00  2.50000000e-01  1.00000000e+00  1.00000000e+00  0.00000000e+00  2.50000000e-01  1.00000000e+00  1.00000000e+00  0.00000000e+00  2.50000000e-01  1.00000000e+00  1.00000000e+00  0.00000000e+00  2.50000000e-01
 5.16245493e-01  4.93046261e-01  6.05951087e-01  2.50000000e-01  5.16245493e-01  4.93046261e-01  9.97855466e-01  2.50000000e-01  1.00000000e+00  1.00000000e+00  0.00000000e+00  2.50000000e-01  1.00000000e+00  1.00000000e+00  0.00000000e+00  2.50000000e-01  1.00000000e+00  1.00000000e+00  0.00000000e+00  2.50000000e-01  1.00000000e+00  1.00000000e+00  0.00000000e+00  2.50000000e-01
 9.19415264e-01  6.27097281e-01  9.17763054e-01  2.50000000e-01  9.19415264e-01  6.27097281e-01  9.95515032e-01  2.50000000e-01  1.00000000e+00  1.00000000e+00  0.00000000e+00  2.50000000e-01  1.00000000e+00  1.00000000e+00  0.00000000e+00  2.50000000e-01  1.00000000e+00  1.00000000e+00  0.00000000e+00  2.50000000e-01  1.00000000e+00  1.00000000e+00  0.00000000e+00  2.50000000e-01
 6.19093922e-01  4.48970429e-01  6.33140228e-01  2.50000000e-01  6.19093922e-01  4.48970429e-01  9.99445008e-01  2.50000000e-01  1.00000000e+00  1.00000000e+00  0.00000000e+00  2.50000000e-01  1.00000000e+00  1.00000000e+00  0.00000000e+00  2.50000000e-01  1.00000000e+00  1.00000000e+00  0.00000000e+00  2.50000000e-01  1.00000000e+00  1.00000000e+00  0.00000000e+00  2.50000000e-01
 1.38869012e+00  2.64213822e+00  6.20388674e-01  2.50000000e-01  1.38869012e+00  2.64213822e+00  9.99768424e-01  2.50000000e-01  1.00000000e+00  1.00000000e+00  0.00000000e+00  2.50000000e-01  1.00000000e+00  1.00000000e+00  0.00000000e+00  2.50000000e-01  1.00000000e+00  1.00000000e+00  0.00000000e+00  2.50000000e-01  1.00000000e+00  1.00000000e+00  0.00000000e+00  2.50000000e-01
 1.49191364e+00  3.11473486e+00  6.05629319e-01  2.50000000e-01  1.49191364e+00  3.11473486e+00  9.97837636e-01  2.50000000e-01  1.00000000e+00  1.00000000e+00  0.00000000e+00  2.50000000e-01  1.00000000e+00  1.00000000e+00  0.00000000e+00  2.50000000e-01  1.00000000e+00  1.00000000e+00  0.00000000e+00  2.50000000e-01  1.00000000e+00  1.00000000e+00  0.00000000e+00  2.50000000e-01
 6.37261391e-01  3.41718811e-01  7.73815645e-01  2.50000000e-01  6.37261391e-01  3.41718811e-01  9.98344128e-01  2.50000000e-01  1.00000000e+00  1.00000000e+00  0.00000000e+00  2.50000000e-01  1.00000000e+00  1.00000000e+00  0.00000000e+00  2.50000000e-01  1.00000000e+00  1.00000000e+00  0.00000000e+00  2.50000000e-01  1.00000000e+00  1.00000000e+00  0.00000000e+00  2.50000000e-01
 1.07487802e+00  2.27869327e+00  5.59471056e-01  2.50000000e-01  1.07487802e+00  2.27869327e+00  9.99001905e-01  2.50000000e-01  1.00000000e+00  1.00000000e+00  0.00000000e+00  2.50000000e-01  1.00000000e+00  1.00000000e+00  0.00000000e+00  2.50000000e-01  1.00000000e+00  1.00000000e+00  0.00000000e+00  2.50000000e-01  1.00000000e+00  1.00000000e+00  0.00000000e+00  2.50000000e-01
 1.11378899e+00  1.56899715e+00  7.43927158e-01  2.50000000e-01  1.11378899e+00  1.56899715e+00  9.99049173e-01  2.50000000e-01  1.00000000e+00  1.00000000e+00  0.00000000e+00  2.50000000e-01  1.00000000e+00  1.00000000e+00  0.00000000e+00  2.50000000e-01  1.00000000e+00  1.00000000e+00  0.00000000e+00  2.50000000e-01  1.00000000e+00  1.00000000e+00  0.00000000e+00  2.50000000e-01
 8.49947900e-01  1.29608199e+00  6.81203524e-01  2.50000000e-01  8.49947900e-01  1.29608199e+00  9.95176944e-01  2.50000000e-01  1.00000000e+00  1.00000000e+00  0.00000000e+00  2.50000000e-01  1.00000000e+00  1.00000000e+00  0.00000000e+00  2.50000000e-01  1.00000000e+00  1.00000000e+00  0.00000000e+00  2.50000000e-01  1.00000000e+00  1.00000000e+00  0.00000000e+00  2.50000000e-01
 6.53165904e-01  3.22894032e-01  7.94896927e-01  2.50000000e-01  6.53165904e-01  3.22894032e-01  9.96646927e-01  2.50000000e-01  1.00000000e+00  1.00000000e+00  0.00000000e+00  2.50000000e-01  1.00000000e+00  1.00000000e+00  0.00000000e+00  2.50000000e-01  1.00000000e+00  1.00000000e+00  0.00000000e+00  2.50000000e-01  1.00000000e+00  1.00000000e+00  0.00000000e+00  2.50000000e-01
 1.02552486e+00  1.74016752e+00  5.01584140e-01  2.50000000e-01  1.02552486e+00  1.74016752e+00  9.95702106e-01  2.50000000e-01  1.00000000e+00  1.00000000e+00  0.00000000e+00  2.50000000e-01  1.00000000e+00  1.00000000e+00  0.00000000e+00  2.50000000e-01  1.00000000e+00  1.00000000e+00  0.00000000e+00  2.50000000e-01  1.00000000e+00  1.00000000e+00  0.00000000e+00  2.50000000e-01
 7.63347499e-01  1.38987647e+00  4.87479467e-01  2.50000000e-01  7.63347499e-01  1.38987647e+00  9.99538747e-01  2.50000000e-01  1.00000000e+00  1.00000000e+00  0.00000000e+00  2.50000000e-01  1.00000000e+00  1.00000000e+00  0.00000000e+00  2.50000000e-01  1.00000000e+00  1.00000000e+00  0.00000000e+00  2.50000000e-01  1.00000000e+00  1.00000000e+00  0.00000000e+00  2.50000000e-01
 1.50992498e+00  3.35184207e+00  5.59005216e-01  2.50000000e-01  1.50992498e+00  3.35184207e+00  9.98672740e-01  2.50000000e-01  1.00000000e+00  1.00000000e+00  0.00000000e+00  2.50000000e-01  1.00000000e+00  1.00000000e+00  0.00000000e+00  2.50000000e-01  1.00000000e+00  1.00000000e+00  0.00000000e+00  2.50000000e-01  1.00000000e+00  1.00000000e+00  0.00000000e+00  2.50000000e-01
 7.39838890e-01  5.95974805e-01  6.24617644e-01  2.50000000e-01  7.39838890e-01  5.95974805e-01  9.99310430e-01  2.50000000e-01  1.00000000e+00  1.00000000e+00  0.00000000e+00  2.50000000e-01  1.00000000e+00  1.00000000e+00  0.00000000e+00  2.50000000e-01  1.00000000e+00  1.00000000e+00  0.00000000e+00  2.50000000e-01  1.00000000e+00  1.00000000e+00  0.00000000e+00  2.50000000e-01
 1.13341154e+00  1.52259589e+00  8.58256670e-01  2.50000000e-01  1.13341154e+00  1.52259589e+00  9.98804673e-01  2.50000000e-01  1.00000000e+00  1.00000000e+00  0.00000000e+00  2.50000000e-01  1.00000000e+00  1.00000000e+00  0.00000000e+00  2.50000000e-01  1.00000000e+00  1.00000000e+00  0.00000000e+00  2.50000000e-01  1.00000000e+00  1.00000000e+00  0.00000000e+00  2.50000000e-01
 1.04605341e+00  1.65970164e+00  6.68343248e-01  2.50000000e-01  1.04605341e+00  1.65970164e+00  9.97917245e-01  2.50000000e-01  1.00000000e+00  1.00000000e+00  0.00000000e+00  2.50000000e-01  1.00000000e+00  1.00000000e+00  0.00000000e+00  2.50000000e-01  1.00000000e+00  1.00000000e+00  0.00000000e+00  2.50000000e-01  1.00000000e+00  1.00000000e+00  0.00000000e+00  2.50000000e-01
 7.02335396e-01  6.72230839e-01  7.23651109e-01  2.50000000e-01  7.02335396e-01  6.72230839e-01  9.98185735e-01  2.50000000e-01  1.00000000e+00  1.00000000e+00  0.00000000e+00  2.50000000e-01  1.00000000e+00  1.00000000e+00  0.00000000e+00  2.50000000e-01  1.00000000e+00  1.00000000e+00  0.00000000e+00  2.50000000e-01  1.00000000e+00  1.00000000e+00  0.00000000e+00  2.50000000e-01
 5.92092675e-01  5.95587029e-01  5.39087069e-01  2.50000000e-01  5.92092675e-01  5.95587029e-01  9.99966721e-01  2.50000000e-01  1.00000000e+00  1.00000000e+00  0.00000000e+00  2.50000000e-01  1.00000000e+00  1.00000000e+00  0.00000000e+00  2.50000000e-01  1.00000000e+00  1.00000000e+00  0.00000000e+00  2.50000000e-01  1.00000000e+00  1.00000000e+00  0.00000000e+00  2.50000000e-01
 7.48927369e-01  3.10198891e-01  8.26991099e-01  2.50000000e-01  7.48927369e-01  3.10198891e-01  9.98873442e-01  2.50000000e-01  1.00000000e+00  1.00000000e+00  0.00000000e+00  2.50000000e-01  1.00000000e+00  1.00000000e+00  0.00000000e+00  2.50000000e-01  1.00000000e+00  1.00000000e+00  0.00000000e+00  2.50000000e-01  1.00000000e+00  1.00000000e+00  0.00000000e+00  2.50000000e-01
 6.31278985e-01  2.18980268e-01  7.59411971e-01  2.50000000e-01  6.31278985e-01  2.18980268e-01  9.99042895e-01  2.50000000e-01  1.00000000e+00  1.00000000e+00  0.00000000e+00  2.50000000e-01  1.00000000e+00  1.00000000e+00  0.00000000e+00  2.50000000e-01  1.00000000e+00  1.00000000e+00  0.00000000e+00  2.50000000e-01  1.00000000e+00  1.00000000e+00  0.00000000e+00  2.50000000e-01
 4.96326154e-01  1.38311833e-01  7.26433513e-01  2.50000000e-01  4.96326154e-01  1.38311833e-01  9.99988953e-01  2.50000000e-01  1.00000000e+00  1.00000000e+00  0.00000000e+00  2.50000000e-01  1.00000000e+00  1.00000000e+00  0.00000000e+00  2.50000000e-01  1.00000000e+00  1.00000000e+00  0.00000000e+00  2.50000000e-01  1.00000000e+00  1.00000000e+00  0.00000000e+00  2.50000000e-01
 1.03348989e+00  2.01108377e+00  5.24469907e-01  2.50000000e-01  1.03348989e+00  2.01108377e+00  9.98765186e-01  2.50000000e-01  1.00000000e+00  1.00000000e+00  0.00000000e+00  2.50000000e-01  1.00000000e+00  1.00000000e+00  0.00000000e+00  2.50000000e-01  1.00000000e+00  1.00000000e+00  0.00000000e+00  2.50000000e-01  1.00000000e+00  1.00000000e+00  0.00000000e+00  2.50000000e-01
 8.31388286e-01  7.62747228e-01  8.32508747e-01  2.50000000e-01  8.31388286e-01  7.62747228e-01  9.99512862e-01  2.50000000e-01  1.00000000e+00  1.00000000e+00  0.00000000e+00  2.50000000e-01  1.00000000e+00  1.00000000e+00  0.00000000e+00  2.50000000e-01  1.00000000e+00  1.00000000e+00  0.00000000e+00  2.50000000e-01  1.00000000e+00  1.00000000e+00  0.00000000e+00  2.50000000e-01
 9.44616328e-01  1.59209035e+00  6.90134207e-01  2.50000000e-01  9.44616328e-01  1.59209035e+00  9.98691603e-01  2.50000000e-01  1.00000000e+00  1.00000000e+00  0.00000000e+00  2.50000000e-01  1.00000000e+00  1.00000000e+00  0.00000000e+00  2.50000000e-01  1.00000000e+00  1.00000000e+00  0.00000000e+00  2.50000000e-01  1.00000000e+00  1.00000000e+00  0.00000000e+00  2.50000000e-01
 3.67477188e-01  2.47162198e-01  4.75010177e-01  2.50000000e-01  3.67477188e-01  2.47162198e-01  9.96389477e-01  2.50000000e-01  1.00000000e+00  1.00000000e+00  0.00000000e+00  2.50000000e-01  1.00000000e+00  1.00000000e+00  0.00000000e+00  2.50000000e-01  1.00000000e+00  1.00000000e+00  0.00000000e+00  2.50000000e-01  1.00000000e+00  1.00000000e+00  0.00000000e+00  2.50000000e-01
 6.65053374e-01  9.20443357e-01  5.44200976e-01  2.50000000e-01  6.65053374e-01  9.20443357e-01  9.98327615e-01  2.50000000e-01  1.00000000e+00  1.00000000e+00  0.00000000e+00  2.50000000e-01  1.00000000e+00  1.00000000e+00  0.00000000e+00  2.50000000e-01  1.00000000e+00  1.00000000e+00  0.00000000e+00  2.50000000e-01  1.00000000e+00  1.00000000e+00  0.00000000e+00  2.50000000e-01
 4.72589485e-01  2.00957121e-01  6.53892481e-01  2.50000000e-01  4.72589485e-01  2.00957121e-01  9.99006970e-01  2.50000000e-01  1.00000000e+00  1.00000000e+00  0.00000000e+00  2.50000000e-01  1.00000000e+00  1.00000000e+00  0.00000000e+00  2.50000000e-01  1.00000000e+00  1.00000000e+00  0.00000000e+00  2.50000000e-01  1.00000000e+00  1.00000000e+00  0.00000000e+00  2.50000000e-01
 8.64186569e-01  1.64771733e+00  5.29465497e-01  2.50000000e-01  8.64186569e-01  1.64771733e+00  9.96448333e-01  2.50000000e-01  1.00000000e+00  1.00000000e+00  0.00000000e+00  2.50000000e-01  1.00000000e+00  1.00000000e+00  0.00000000e+00  2.50000000e-01  1.00000000e+00  1.00000000e+00  0.00000000e+00  2.50000000e-01  1.00000000e+00  1.00000000e+00  0.00000000e+00  2.50000000e-01
 8.11146801e-01  1.37835359e+00  5.75056372e-01  2.50000000e-01  8.11146801e-01  1.37835359e+00  9.98350039e-01  2.50000000e-01  1.00000000e+00  1.00000000e+00  0.00000000e+00  2.50000000e-01  1.00000000e+00  1.00000000e+00  0.00000000e+00  2.50000000e-01  1.00000000e+00  1.00000000e+00  0.00000000e+00  2.50000000e-01  1.00000000e+00  1.00000000e+00  0.00000000e+00  2.50000000e-01
 1.13699606e+00  2.24285534e+00  5.49789861e-01  2.50000000e-01  1.13699606e+00  2.24285534e+00  9.97632599e-01  2.50000000e-01  1.00000000e+00  1.00000000e+00  0.00000000e+00  2.50000000e-01  1.00000000e+00  1.00000000e+00  0.00000000e+00  2.50000000e-01  1.00000000e+00  1.00000000e+00  0.00000000e+00  2.50000000e-01  1.00000000e+00  1.00000000e+00  0.00000000e+00  2.50000000e-01
 6.91209551e-01  4.92205714e-01  7.47698284e-01  2.50000000e-01  6.91209551e-01  4.92205714e-01  9.95353507e-01  2.50000000e-01  1.00000000e+00  1.00000000e+00  0.00000000e+00  2.50000000e-01  1.00000000e+00  1.00000000e+00  0.00000000e+00  2.50000000e-01  1.00000000e+00  1.00000000e+00  0.00000000e+00  2.50000000e-01  1.00000000e+00  1.00000000e+00  0.00000000e+00  2.50000000e-01
 9.60442399e-01  1.78016606e+00  5.79718204e-01  2.50000000e-01  9.60442399e-01  1.78016606e+00  9.98288325e-01  2.50000000e-01  1.00000000e+00  1.00000000e+00  0.00000000e+00  2.50000000e-01  1.00000000e+00  1.00000000e+00  0.00000000e+00  2.50000000e-01  1.00000000e+00  1.00000000e+00  0.00000000e+00  2.50000000e-01  1.00000000e+00  1.00000000e+00  0.00000000e+00  2.50000000e-01
 1.06719733e+00  2.00549527e+00  4.80811619e-01  2.50000000e-01  1.06719733e+00  2.00549527e+00  9.99230531e-01  2.50000000e-01  1.00000000e+00  1.00000000e+00  0.00000000e+00  2.50000000e-01  1.00000000e+00  1.00000000e+00  0.00000000e+00  2.50000000e-01  1.00000000e+00  1.00000000e+00  0.00000000e+00  2.50000000e-01  1.00000000e+00  1.00000000e+00  0.00000000e+00  2.50000000e-01
 6.42924185e-01  8.65560077e-01  4.91598840e-01  2.50000000e-01  6.42924185e-01  8.65560077e-01  9.96761896e-01  2.50000000e-01  1.00000000e+00  1.00000000e+00  0.00000000e+00  2.50000000e-01  1.00000000e+00  1.00000000e+00  0.00000000e+00  2.50000000e-01  1.00000000e+00  1.00000000e+00  0.00000000e+00  2.50000000e-01  1.00000000e+00  1.00000000e+00  0.00000000e+00  2.50000000e-01
 1.13757142e+00  1.98589624e+00  6.48034000e-01  2.50000000e-01  1.13757142e+00  1.98589624e+00  9.99567452e-01  2.50000000e-01  1.00000000e+00  1.00000000e+00  0.00000000e+00  2.50000000e-01  1.00000000e+00  1.00000000e+00  0.00000000e+00  2.50000000e-01  1.00000000e+00  1.00000000e+00  0.00000000e+00  2.50000000e-01  1.00000000e+00  1.00000000e+00  0.00000000e+00  2.50000000e-01
 1.18831451e+00  2.69070945e+00  5.11067742e-01  2.50000000e-01  1.18831451e+00  2.69070945e+00  9.98315597e-01  2.50000000e-01  1.00000000e+00  1.00000000e+00  0.00000000e+00  2.50000000e-01  1.00000000e+00  1.00000000e+00  0.00000000e+00  2.50000000e-01  1.00000000e+00  1.00000000e+00  0.00000000e+00  2.50000000e-01  1.00000000e+00  1.00000000e+00  0.00000000e+00  2.50000000e-01
 1.10054237e+00  2.44421566e+00  4.53259282e-01  2.50000000e-01  1.10054237e+00  2.44421566e+00  9.97904704e-01  2.50000000e-01  1.00000000e+00  1.00000000e+00  0.00000000e+00  2.50000000e-01  1.00000000e+00  1.00000000e+00  0.00000000e+00  2.50000000e-01  1.00000000e+00  1.00000000e+00  0.00000000e+00  2.50000000e-01  1.00000000e+00  1.00000000e+00  0.00000000e+00  2.50000000e-01
 1.27452766e+00  2.35218582e+00  6.50873085e-01  2.50000000e-01  1.27452766e+00  2.35218582e+00  9.98363142e-01  2.50000000e-01  1.00000000e+00  1.00000000e+00  0.00000000e+00  2.50000000e-01  1.00000000e+00  1.00000000e+00  0.00000000e+00  2.50000000e-01  1.00000000e+00  1.00000000e+00  0.00000000e+00  2.50000000e-01  1.00000000e+00  1.00000000e+00  0.00000000e+00  2.50000000e-01
 5.92953794e-01  6.70271097e-01  4.99022888e-01  2.50000000e-01  5.92953794e-01  6.70271097e-01  9.98404084e-01  2.50000000e-01  1.00000000e+00  1.00000000e+00  0.00000000e+00  2.50000000e-01  1.00000000e+00  1.00000000e+00  0.00000000e+00  2.50000000e-01  1.00000000e+00  1.00000000e+00  0.00000000e+00  2.50000000e-01  1.00000000e+00  1.00000000e+00  0.00000000e+00  2.50000000e-01
 1.01317760e+00  1.81512144e+00  5.33091011e-01  2.50000000e-01  1.01317760e+00  1.81512144e+00  9.99343278e-01  2.50000000e-01  1.00000000e+00  1.00000000e+00  0.00000000e+00  2.50000000e-01  1.00000000e+00  1.00000000e+00  0.00000000e+00  2.50000000e-01  1.00000000e+00  1.00000000e+00  0.00000000e+00  2.50000000e-01  1.00000000e+00  1.00000000e+00  0.00000000e+00  2.50000000e-01
 1.13118001e+00  2.51230891e+00  4.42494273e-01  2.50000000e-01  1.13118001e+00  2.51230891e+00  9.99669121e-01  2.50000000e-01  1.00000000e+00  1.00000000e+00  0.00000000e+00  2.50000000e-01  1.00000000e+00  1.00000000e+00  0.00000000e+00  2.50000000e-01  1.00000000e+00  1.00000000e+00  0.00000000e+00  2.50000000e-01  1.00000000e+00  1.00000000e+00  0.00000000e+00  2.50000000e-01
 9.88564934e-01  1.54997215e+00  6.80673119e-01  2.50000000e-01  9.88564934e-01  1.54997215e+00  9.98612947e-01  2.50000000e-01  1.00000000e+00  1.00000000e+00  0.00000000e+00  2.50000000e-01  1.00000000e+00  1.00000000e+00  0.00000000e+00  2.50000000e-01  1.00000000e+00  1.00000000e+00  0.00000000e+00  2.50000000e-01  1.00000000e+00  1.00000000e+00  0.00000000e+00  2.50000000e-01
 9.37320158e-01  1.52720944e+00  6.23052816e-01  2.50000000e-01  9.37320158e-01  1.52720944e+00  9.98390726e-01  2.50000000e-01  1.00000000e+00  1.00000000e+00  0.00000000e+00  2.50000000e-01  1.00000000e+00  1.00000000e+00  0.00000000e+00  2.50000000e-01  1.00000000e+00  1.00000000e+00  0.00000000e+00  2.50000000e-01  1.00000000e+00  1.00000000e+00  0.00000000e+00  2.50000000e-01
 9.89388296e-01  8.73414298e-01  9.39962309e-01  2.50000000e-01  9.89388296e-01  8.73414298e-01  9.99983829e-01  2.50000000e-01  1.00000000e+00  1.00000000e+00  0.00000000e+00  2.50000000e-01  1.00000000e+00  1.00000000e+00  0.00000000e+00  2.50000000e-01  1.00000000e+00  1.00000000e+00  0.00000000e+00  2.50000000e-01  1.00000000e+00  1.00000000e+00  0.00000000e+00  2.50000000e-01
 9.05145448e-01  1.39001177e+00  5.98408835e-01  2.50000000e-01  9.05145448e-01  1.39001177e+00  9.98245329e-01  2.50000000e-01  1.00000000e+00  1.00000000e+00  0.00000000e+00  2.50000000e-01  1.00000000e+00  1.00000000e+00  0.00000000e+00  2.50000000e-01  1.00000000e+00  1.00000000e+00  0.00000000e+00  2.50000000e-01  1.00000000e+00  1.00000000e+00  0.00000000e+00  2.50000000e-01
 8.21691931e-01  1.48190901e+00  5.82657525e-01  2.50000000e-01  8.21691931e-01  1.48190901e+00  9.97620012e-01  2.50000000e-01  1.00000000e+00  1.00000000e+00  0.00000000e+00  2.50000000e-01  1.00000000e+00  1.00000000e+00  0.00000000e+00  2.50000000e-01  1.00000000e+00  1.00000000e+00  0.00000000e+00  2.50000000e-01  1.00000000e+00  1.00000000e+00  0.00000000e+00  2.50000000e-01
 7.33470004e-01  1.03268858e+00  5.91119951e-01  2.50000000e-01  7.33470004e-01  1.03268858e+00  9.97463405e-01  2.50000000e-01  1.00000000e+00  1.00000000e+00  0.00000000e+00  2.50000000e-01  1.00000000e+00  1.00000000e+00  0.00000000e+00  2.50000000e-01  1.00000000e+00  1.00000000e+00  0.00000000e+00  2.50000000e-01  1.00000000e+00  1.00000000e+00  0.00000000e+00  2.50000000e-01
 6.08357484e-01  1.15380127e+00  4.68618286e-01  2.50000000e-01  6.08357484e-01  1.15380127e+00  9.98703569e-01  2.50000000e-01  1.00000000e+00  1.00000000e+00  0.00000000e+00  2.50000000e-01  1.00000000e+00  1.00000000e+00  0.00000000e+00  2.50000000e-01  1.00000000e+00  1.00000000e+00  0.00000000e+00  2.50000000e-01  1.00000000e+00  1.00000000e+00  0.00000000e+00  2.50000000e-01
 8.15978620e-01  4.38648459e-01  8.38765311e-01  2.50000000e-01  8.15978620e-01  4.38648459e-01  9.96137810e-01  2.50000000e-01  1.00000000e+00  1.00000000e+00  0.00000000e+00  2.50000000e-01  1.00000000e+00  1.00000000e+00  0.00000000e+00  2.50000000e-01  1.00000000e+00  1.00000000e+00  0.00000000e+00  2.50000000e-01  1.00000000e+00  1.00000000e+00  0.00000000e+00  2.50000000e-01
 7.87230735e-01  1.12920009e+00  6.12418989e-01  2.50000000e-01  7.87230735e-01  1.12920009e+00  9.98572233e-01  2.50000000e-01  1.00000000e+00  1.00000000e+00  0.00000000e+00  2.50000000e-01  1.00000000e+00  1.00000000e+00  0.00000000e+00  2.50000000e-01  1.00000000e+00  1.00000000e+00  0.00000000e+00  2.50000000e-01  1.00000000e+00  1.00000000e+00  0.00000000e+00  2.50000000e-01
 5.27037511e-01  9.21060924e-01  4.58871878e-01  2.50000000e-01  5.27037511e-01  9.21060924e-01  9.97823573e-01  2.50000000e-01  1.00000000e+00  1.00000000e+00  0.00000000e+00  2.50000000e-01  1.00000000e+00  1.00000000e+00  0.00000000e+00  2.50000000e-01  1.00000000e+00  1.00000000e+00  0.00000000e+00  2.50000000e-01  1.00000000e+00  1.00000000e+00  0.00000000e+00  2.50000000e-01
 1.06456825e+00  2.00179972e+00  5.64694699e-01  2.50000000e-01  1.06456825e+00  2.00179972e+00  9.99263020e-01  2.50000000e-01  1.00000000e+00  1.00000000e+00  0.00000000e+00  2.50000000e-01  1.00000000e+00  1.00000000e+00  0.00000000e+00  2.50000000e-01  1.00000000e+00  1.00000000e+00  0.00000000e+00  2.50000000e-01  1.00000000e+00  1.00000000e+00  0.00000000e+00  2.50000000e-01
 5.33323116e-01  8.70161704e-01  4.05076806e-01  2.50000000e-01  5.33323116e-01  8.70161704e-01  9.99550193e-01  2.50000000e-01  1.00000000e+00  1.00000000e+00  0.00000000e+00  2.50000000e-01  1.00000000e+00  1.00000000e+00  0.00000000e+00  2.50000000e-01  1.00000000e+00  1.00000000e+00  0.00000000e+00  2.50000000e-01  1.00000000e+00  1.00000000e+00  0.00000000e+00  2.50000000e-01
 1.55296406e+00  3.18701719e+00  6.05909923e-01  2.50000000e-01  1.55296406e+00  3.18701719e+00  9.98665952e-01  2.50000000e-01  1.00000000e+00  1.00000000e+00  0.00000000e+00  2.50000000e-01  1.00000000e+00  1.00000000e+00  0.00000000e+00  2.50000000e-01  1.00000000e+00  1.00000000e+00  0.00000000e+00  2.50000000e-01  1.00000000e+00  1.00000000e+00  0.00000000e+00  2.50000000e-01
 6.86300610e-01  1.04659781e+00  5.30462896e-01  2.50000000e-01  6.86300610e-01  1.04659781e+00  9.98388307e-01  2.50000000e-01  1.00000000e+00  1.00000000e+00  0.00000000e+00  2.50000000e-01  1.00000000e+00  1.00000000e+00  0.00000000e+00  2.50000000e-01  1.00000000e+00  1.00000000e+00  0.00000000e+00  2.50000000e-01  1.00000000e+00  1.00000000e+00  0.00000000e+00  2.50000000e-01
 8.55495543e-01  2.03780426e+00  4.36561272e-01  2.50000000e-01  8.55495543e-01  2.03780426e+00  9.98327469e-01  2.50000000e-01  1.00000000e+00  1.00000000e+00  0.00000000e+00  2.50000000e-01  1.00000000e+00  1.00000000e+00  0.00000000e+00  2.50000000e-01  1.00000000e+00  1.00000000e+00  0.00000000e+00  2.50000000e-01  1.00000000e+00  1.00000000e+00  0.00000000e+00  2.50000000e-01
 8.75984263e-01  9.63309638e-01  7.84447018e-01  2.50000000e-01  8.75984263e-01  9.63309638e-01  9.96333400e-01  2.50000000e-01  1.00000000e+00  1.00000000e+00  0.00000000e+00  2.50000000e-01  1.00000000e+00  1.00000000e+00  0.00000000e+00  2.50000000e-01  1.00000000e+00  1.00000000e+00  0.00000000e+00  2.50000000e-01  1.00000000e+00  1.00000000e+00  0.00000000e+00  2.50000000e-01
 1.19410195e+00  2.56574114e+00  4.39535326e-01  2.50000000e-01  1.19410195e+00  2.56574114e+00  9.99565665e-01  2.50000000e-01  1.00000000e+00  1.00000000e+00  0.00000000e+00  2.50000000e-01  1.00000000e+00  1.00000000e+00  0.00000000e+00  2.50000000e-01  1.00000000e+00  1.00000000e+00  0.00000000e+00  2.50000000e-01  1.00000000e+00  1.00000000e+00  0.00000000e+00  2.50000000e-01
 8.59831247e-01  4.05848055e-01  9.44379449e-01  2.50000000e-01  8.59831247e-01  4.05848055e-01  9.98725844e-01  2.50000000e-01  1.00000000e+00  1.00000000e+00  0.00000000e+00  2.50000000e-01  1.00000000e+00  1.00000000e+00  0.00000000e+00  2.50000000e-01  1.00000000e+00  1.00000000e+00  0.00000000e+00  2.50000000e-01  1.00000000e+00  1.00000000e+00  0.00000000e+00  2.50000000e-01
 1.03195119e+00  1.67845961e+00  5.96376489e-01  2.50000000e-01  1.03195119e+00  1.67845961e+00  9.98917682e-01  2.50000000e-01  1.00000000e+00  1.00000000e+00  0.00000000e+00  2.50000000e-01  1.00000000e+00  1.00000000e+00  0.00000000e+00  2.50000000e-01  1.00000000e+00  1.00000000e+00  0.00000000e+00  2.50000000e-01  1.00000000e+00  1.00000000e+00  0.00000000e+00  2.50000000e-01
 5.57426057e-01  2.75103487e-01  6.67224409e-01  2.50000000e-01  5.57426057e-01  2.75103487e-01  9.97222571e-01  2.50000000e-01  1.00000000e+00  1.00000000e+00  0.00000000e+00  2.50000000e-01  1.00000000e+00  1.00000000e+00  0.00000000e+00  2.50000000e-01  1.00000000e+00  1.00000000e+00  0.00000000e+00  2.50000000e-01  1.00000000e+00  1.00000000e+00  0.00000000e+00  2.50000000e-01
 1.02473998e+00  2.19677272e+00  4.45251862e-01  2.50000000e-01  1.02473998e+00  2.19677272e+00  9.98656436e-01  2.50000000e-01  1.00000000e+00  1.00000000e+00  0.00000000e+00  2.50000000e-01  1.00000000e+00  1.00000000e+00  0.00000000e+00  2.50000000e-01  1.00000000e+00  1.00000000e+00  0.00000000e+00  2.50000000e-01  1.00000000e+00  1.00000000e+00  0.00000000e+00  2.50000000e-01
 8.21724965e-01  1.06705874e+00  5.77281992e-01  2.50000000e-01  8.21724965e-01  1.06705874e+00  9.96241341e-01  2.50000000e-01  1.00000000e+00  1.00000000e+00  0.00000000e+00  2.50000000e-01  1.00000000e+00  1.00000000e+00  0.00000000e+00  2.50000000e-01  1.00000000e+00  1.00000000e+00  0.00000000e+00  2.50000000e-01  1.00000000e+00  1.00000000e+00  0.00000000e+00  2.50000000e-01
 1.22408011e+00  2.44185299e+00  6.36134624e-01  2.50000000e-01  1.22408011e+00  2.44185299e+00  9.96544235e-01  2.50000000e-01  1.00000000e+00  1.00000000e+00  0.00000000e+00  2.50000000e-01  1.00000000e+00  1.00000000e+00  0.00000000e+00  2.50000000e-01  1.00000000e+00  1.00000000e+00  0.00000000e+00  2.50000000e-01  1.00000000e+00  1.00000000e+00  0.00000000e+00  2.50000000e-01
 1.40713669e+00  3.32116167e+00  5.33268294e-01  2.50000000e-01  1.40713669e+00  3.32116167e+00  9.99088167e-01  2.50000000e-01  1.00000000e+00  1.00000000e+00  0.00000000e+00  2.50000000e-01  1.00000000e+00  1.00000000e+00  0.00000000e+00  2.50000000e-01  1.00000000e+00  1.00000000e+00  0.00000000e+00  2.50000000e-01  1.00000000e+00  1.00000000e+00  0.00000000e+00  2.50000000e-01
 1.02768890e+00  1.20485629e+00  8.11575335e-01  2.50000000e-01  1.02768890e+00  1.20485629e+00  9.98888081e-01  2.50000000e-01  1.00000000e+00  1.00000000e+00  0.00000000e+00  2.50000000e-01  1.00000000e+00  1.00000000e+00  0.00000000e+00  2.50000000e-01  1.00000000e+00  1.00000000e+00  0.00000000e+00  2.50000000e-01  1.00000000e+00  1.00000000e+00  0.00000000e+00  2.50000000e-01
 6.54550061e-01  3.61675296e-01  7.61182863e-01  2.50000000e-01  6.54550061e-01  3.61675296e-01  9.97913454e-01  2.50000000e-01  1.00000000e+00  1.00000000e+00  0.00000000e+00  2.50000000e-01  1.00000000e+00  1.00000000e+00  0.00000000e+00  2.50000000e-01  1.00000000e+00  1.00000000e+00  0.00000000e+00  2.50000000e-01  1.00000000e+00  1.00000000e+00  0.00000000e+00  2.50000000e-01
 1.00545167e+00  1.49435379e+00  6.37526295e-01  2.50000000e-01  1.00545167e+00  1.49435379e+00  9.99447900e-01  2.50000000e-01  1.00000000e+00  1.00000000e+00  0.00000000e+00  2.50000000e-01  1.00000000e+00  1.00000000e+00  0.00000000e+00  2.50000000e-01  1.00000000e+00  1.00000000e+00  0.00000000e+00  2.50000000e-01  1.00000000e+00  1.00000000e+00  0.00000000e+00  2.50000000e-01
 7.72898619e-01  8.24078366e-01  6.74239601e-01  2.50000000e-01  7.72898619e-01  8.24078366e-01  9.99454004e-01  2.50000000e-01  1.00000000e+00  1.00000000e+00  0.00000000e+00  2.50000000e-01  1.00000000e+00  1.00000000e+00  0.00000000e+00  2.50000000e-01  1.00000000e+00  1.00000000e+00  0.00000000e+00  2.50000000e-01  1.00000000e+00  1.00000000e+00  0.00000000e+00  2.50000000e-01
 8.02504239e-01  1.72232098e+00  4.56090497e-01  2.50000000e-01  8.02504239e-01  1.72232098e+00  9.97981226e-01  2.50000000e-01  1.00000000e+00  1.00000000e+00  0.00000000e+00  2.50000000e-01  1.00000000e+00  1.00000000e+00  0.00000000e+00  2.50000000e-01  1.00000000e+00  1.00000000e+00  0.00000000e+00  2.50000000e-01  1.00000000e+00  1.00000000e+00  0.00000000e+00  2.50000000e-01
 8.05727801e-01  6.97079038e-01  7.82059738e-01  2.50000000e-01  8.05727801e-01  6.97079038e-01  9.98350789e-01  2.50000000e-01  1.00000000e+00  1.00000000e+00  0.00000000e+00  2.50000000e-01  1.00000000e+00  1.00000000e+00  0.00000000e+00  2.50000000e-01  1.00000000e+00  1.00000000e+00  0.00000000e+00  2.50000000e-01  1.00000000e+00  1.00000000e+00  0.00000000e+00  2.50000000e-01
 6.86804696e-01  7.86488100e-01  6.33021935e-01  2.50000000e-01  6.86804696e-01  7.86488100e-01  9.99185840e-01  2.50000000e-01  1.00000000e+00  1.00000000e+00  0.00000000e+00  2.50000000e-01  1.00000000e+00  1.00000000e+00  0.00000000e+00  2.50000000e-01  1.00000000e+00  1.00000000e+00  0.00000000e+00  2.50000000e-01  1.00000000e+00  1.00000000e+00  0.00000000e+00  2.50000000e-01
 9.04356085e-01  1.24596917e+00  7.07982158e-01  2.50000000e-01  9.04356085e-01  1.24596917e+00  9.99017666e-01  2.50000000e-01  1.00000000e+00  1.00000000e+00  0.00000000e+00  2.50000000e-01  1.00000000e+00  1.00000000e+00  0.00000000e+00  2.50000000e-01  1.00000000e+00  1.00000000e+00  0.00000000e+00  2.50000000e-01  1.00000000e+00  1.00000000e+00  0.00000000e+00  2.50000000e-01
 9.79468142e-01  1.04692404e+00  8.02350792e-01  2.50000000e-01  9.79468142e-01  1.04692404e+00  9.98822332e-01  2.50000000e-01  1.00000000e+00  1.00000000e+00  0.00000000e+00  2.50000000e-01  1.00000000e+00  1.00000000e+00  0.00000000e+00  2.50000000e-01  1.00000000e+00  1.00000000e+00  0.00000000e+00  2.50000000e-01  1.00000000e+00  1.00000000e+00  0.00000000e+00  2.50000000e-01
 5.73907150e-01  6.43268907e-01  5.58960698e-01  2.50000000e-01  5.73907150e-01  6.43268907e-01  9.99868576e-01  2.50000000e-01  1.00000000e+00  1.00000000e+00  0.00000000e+00  2.50000000e-01  1.00000000e+00  1.00000000e+00  0.00000000e+00  2.50000000e-01  1.00000000e+00  1.00000000e+00  0.00000000e+00  2.50000000e-01  1.00000000e+00  1.00000000e+00  0.00000000e+00  2.50000000e-01
 8.17736919e-01  8.82548113e-01  6.69311858e-01  2.50000000e-01  8.17736919e-01  8.82548113e-01  9.99828659e-01  2.50000000e-01  1.00000000e+00  1.00000000e+00  0.00000000e+00  2.50000000e-01  1.00000000e+00  1.00000000e+00  0.00000000e+00  2.50000000e-01  1.00000000e+00  1.00000000e+00  0.00000000e+00  2.50000000e-01  1.00000000e+00  1.00000000e+00  0.00000000e+00  2.50000000e-01
 8.20035134e-01  1.22173479e+00  7.05978339e-01  2.50000000e-01  8.20035134e-01  1.22173479e+00  9.99350296e-01  2.50000000e-01  1.00000000e+00  1.00000000e+00  0.00000000e+00  2.50000000e-01  1.00000000e+00  1.00000000e+00  0.00000000e+00  2.50000000e-01  1.00000000e+00  1.00000000e+00  0.00000000e+00  2.50000000e-01  1.00000000e+00  1.00000000e+00  0.00000000e+00  2.50000000e-01
 7.15621630e-01  1.12239388e+00  5.80517798e-01  2.50000000e-01  7.15621630e-01  1.12239388e+00  9.98047517e-01  2.50000000e-01  1.00000000e+00  1.00000000e+00  0.00000000e+00  2.50000000e-01  1.00000000e+00  1.00000000e+00  0.00000000e+00  2.50000000e-01  1.00000000e+00  1.00000000e+00  0.00000000e+00  2.50000000e-01  1.00000000e+00  1.00000000e+00  0.00000000e+00  2.50000000e-01
 7.97553745e-01  1.56372592e+00  5.17524694e-01  2.50000000e-01  7.97553745e-01  1.56372592e+00  9.97391482e-01  2.50000000e-01  1.00000000e+00  1.00000000e+00  0.00000000e+00  2.50000000e-01  1.00000000e+00  1.00000000e+00  0.00000000e+00  2.50000000e-01  1.00000000e+00  1.00000000e+00  0.00000000e+00  2.50000000e-01  1.00000000e+00  1.00000000e+00  0.00000000e+00  2.50000000e-01
 9.99282131e-01  2.21006828e+00  4.47207822e-01  2.50000000e-01  9.99282131e-01  2.21006828e+00  9.97145205e-01  2.50000000e-01  1.00000000e+00  1.00000000e+00  0.00000000e+00  2.50000000e-01  1.00000000e+00  1.00000000e+00  0.00000000e+00  2.50000000e-01  1.00000000e+00  1.00000000e+00  0.00000000e+00  2.50000000e-01  1.00000000e+00  1.00000000e+00  0.00000000e+00  2.50000000e-01
 6.13674771e-01  9.91201249e-01  4.47283757e-01  2.50000000e-01  6.13674771e-01  9.91201249e-01  9.98288075e-01  2.50000000e-01  1.00000000e+00  1.00000000e+00  0.00000000e+00  2.50000000e-01  1.00000000e+00  1.00000000e+00  0.00000000e+00  2.50000000e-01  1.00000000e+00  1.00000000e+00  0.00000000e+00  2.50000000e-01  1.00000000e+00  1.00000000e+00  0.00000000e+00  2.50000000e-01
 1.02153614e+00  1.64228859e+00  6.38362380e-01  2.50000000e-01  1.02153614e+00  1.64228859e+00  9.98862784e-01  2.50000000e-01  1.00000000e+00  1.00000000e+00  0.00000000e+00  2.50000000e-01  1.00000000e+00  1.00000000e+00  0.00000000e+00  2.50000000e-01  1.00000000e+00  1.00000000e+00  0.00000000e+00  2.50000000e-01  1.00000000e+00  1.00000000e+00  0.00000000e+00  2.50000000e-01
 7.53991192e-01  1.23116577e+00  5.35994709e-01  2.50000000e-01  7.53991192e-01  1.23116577e+00  9.99065912e-01  2.50000000e-01  1.00000000e+00  1.00000000e+00  0.00000000e+00  2.50000000e-01  1.00000000e+00  1.00000000e+00  0.00000000e+00  2.50000000e-01  1.00000000e+00  1.00000000e+00  0.00000000e+00  2.50000000e-01  1.00000000e+00  1.00000000e+00  0.00000000e+00  2.50000000e-01
 1.00158269e+00  1.89364660e+00  5.60188772e-01  2.50000000e-01  1.00158269e+00  1.89364660e+00  9.97805351e-01  2.50000000e-01  1.00000000e+00  1.00000000e+00  0.00000000e+00  2.50000000e-01  1.00000000e+00  1.00000000e+00  0.00000000e+00  2.50000000e-01  1.00000000e+00  1.00000000e+00  0.00000000e+00  2.50000000e-01  1.00000000e+00  1.00000000e+00  0.00000000e+00  2.50000000e-01
 5.02324216e-01  1.05567216e-01  7.25510161e-01  2.50000000e-01  5.02324216e-01  1.05567216e-01  9.99153972e-01  2.50000000e-01  1.00000000e+00  1.00000000e+00  0.00000000e+00  2.50000000e-01  1.00000000e+00  1.00000000e+00  0.00000000e+00  2.50000000e-01  1.00000000e+00  1.00000000e+00  0.00000000e+00  2.50000000e-01  1.00000000e+00  1.00000000e+00  0.00000000e+00  2.50000000e-01
 8.17326905e-01  6.18808484e-01  7.61484911e-01  2.50000000e-01  8.17326905e-01  6.18808484e-01  9.96242572e-01  2.50000000e-01  1.00000000e+00  1.00000000e+00  0.00000000e+00  2.50000000e-01  1.00000000e+00  1.00000000e+00  0.00000000e+00  2.50000000e-01  1.00000000e+00  1.00000000e+00  0.00000000e+00  2.50000000e-01  1.00000000e+00  1.00000000e+00  0.00000000e+00  2.50000000e-01
 1.29791108e+00  2.65337942e+00  5.29679451e-01  2.50000000e-01  1.29791108e+00  2.65337942e+00  9.97359845e-01  2.50000000e-01  1.00000000e+00  1.00000000e+00  0.00000000e+00  2.50000000e-01  1.00000000e+00  1.00000000e+00  0.00000000e+00  2.50000000e-01  1.00000000e+00  1.00000000e+00  0.00000000e+00  2.50000000e-01  1.00000000e+00  1.00000000e+00  0.00000000e+00  2.50000000e-01
 7.06188537e-01  8.48838879e-01  6.05382586e-01  2.50000000e-01  7.06188537e-01  8.48838879e-01  9.98677984e-01  2.50000000e-01  1.00000000e+00  1.00000000e+00  0.00000000e+00  2.50000000e-01  1.00000000e+00  1.00000000e+00  0.00000000e+00  2.50000000e-01  1.00000000e+00  1.00000000e+00  0.00000000e+00  2.50000000e-01  1.00000000e+00  1.00000000e+00  0.00000000e+00  2.50000000e-01
 1.24635112e+00  2.78994419e+00  4.66490451e-01  2.50000000e-01  1.24635112e+00  2.78994419e+00  9.98497740e-01  2.50000000e-01  1.00000000e+00  1.00000000e+00  0.00000000e+00  2.50000000e-01  1.00000000e+00  1.00000000e+00  0.00000000e+00  2.50000000e-01  1.00000000e+00  1.00000000e+00  0.00000000e+00  2.50000000e-01  1.00000000e+00  1.00000000e+00  0.00000000e+00  2.50000000e-01
 5.44138253e-01  4.20386109e-01  5.26287746e-01  2.50000000e-01  5.44138253e-01  4.20386109e-01  9.96811152e-01  2.50000000e-01  1.00000000e+00  1.00000000e+00  0.00000000e+00  2.50000000e-01  1.00000000e+00  1.00000000e+00  0.00000000e+00  2.50000000e-01  1.00000000e+00  1.00000000e+00  0.00000000e+00  2.50000000e-01  1.00000000e+00  1.00000000e+00  0.00000000e+00  2.50000000e-01
 1.06752372e+00  1.61642969e+00  7.00178138e-01  2.50000000e-01  1.06752372e+00  1.61642969e+00  9.97521771e-01  2.50000000e-01  1.00000000e+00  1.00000000e+00  0.00000000e+00  2.50000000e-01  1.00000000e+00  1.00000000e+00  0.00000000e+00  2.50000000e-01  1.00000000e+00  1.00000000e+00  0.00000000e+00  2.50000000e-01  1.00000000e+00  1.00000000e+00  0.00000000e+00  2.50000000e-01
 9.01687222e-01  1.52532470e+00  4.80628626e-01  2.50000000e-01  9.01687222e-01  1.52532470e+00  9.97537820e-01  2.50000000e-01  1.00000000e+00  1.00000000e+00  0.00000000e+00  2.50000000e-01  1.00000000e+00  1.00000000e+00  0.00000000e+00  2.50000000e-01  1.00000000e+00  1.00000000e+00  0.00000000e+00  2.50000000e-01  1.00000000e+00  1.00000000e+00  0.00000000e+00  2.50000000e-01
 8.00860300e-01  1.25273667e+00  5.52397736e-01  2.50000000e-01  8.00860300e-01  1.25273667e+00  9.98035690e-01  2.50000000e-01  1.00000000e+00  1.00000000e+00  0.00000000e+00  2.50000000e-01  1.00000000e+00  1.00000000e+00  0.00000000e+00  2.50000000e-01  1.00000000e+00  1.00000000e+00  0.00000000e+00  2.50000000e-01  1.00000000e+00  1.00000000e+00  0.00000000e+00  2.50000000e-01
 8.16525403e-01  1.52295307e+00  5.91447853e-01  2.50000000e-01  8.16525403e-01  1.52295307e+00  9.98452995e-01  2.50000000e-01  1.00000000e+00  1.00000000e+00  0.00000000e+00  2.50000000e-01  1.00000000e+00  1.00000000e+00  0.00000000e+00  2.50000000e-01  1.00000000e+00  1.00000000e+00  0.00000000e+00  2.50000000e-01  1.00000000e+00  1.00000000e+00  0.00000000e+00  2.50000000e-01
 7.76355932e-01  7.54866855e-01  7.19626537e-01  2.50000000e-01  7.76355932e-01  7.54866855e-01  9.99591352e-01  2.50000000e-01  1.00000000e+00  1.00000000e+00  0.00000000e+00  2.50000000e-01  1.00000000e+00  1.00000000e+00  0.00000000e+00  2.50000000e-01  1.00000000e+00  1.00000000e+00  0.00000000e+00  2.50000000e-01  1.00000000e+00  1.00000000e+00  0.00000000e+00  2.50000000e-01
 5.74787556e-01  7.53306756e-01  5.80481369e-01  2.50000000e-01  5.74787556e-01  7.53306756e-01  9.96560475e-01  2.50000000e-01  1.00000000e+00  1.00000000e+00  0.00000000e+00  2.50000000e-01  1.00000000e+00  1.00000000e+00  0.00000000e+00  2.50000000e-01  1.00000000e+00  1.00000000e+00  0.00000000e+00  2.50000000e-01  1.00000000e+00  1.00000000e+00  0.00000000e+00  2.50000000e-01
 5.70500067e-01  5.96833167e-01  5.88748876e-01  2.50000000e-01  5.70500067e-01  5.96833167e-01  9.98408893e-01  2.50000000e-01  1.00000000e+00  1.00000000e+00  0.00000000e+00  2.50000000e-01  1.00000000e+00  1.00000000e+00  0.00000000e+00  2.50000000e-01  1.00000000e+00  1.00000000e+00  0.00000000e+00  2.50000000e-01  1.00000000e+00  1.00000000e+00  0.00000000e+00  2.50000000e-01
 1.32657205e+00  2.89566278e+00  5.86061734e-01  2.50000000e-01  1.32657205e+00  2.89566278e+00  9.99027840e-01  2.50000000e-01  1.00000000e+00  1.00000000e+00  0.00000000e+00  2.50000000e-01  1.00000000e+00  1.00000000e+00  0.00000000e+00  2.50000000e-01  1.00000000e+00  1.00000000e+00  0.00000000e+00  2.50000000e-01  1.00000000e+00  1.00000000e+00  0.00000000e+00  2.50000000e-01
 6.22696214e-01  2.01206421e-01  8.08175419e-01  2.50000000e-01  6.22696214e-01  2.01206421e-01  9.97833347e-01  2.50000000e-01  1.00000000e+00  1.00000000e+00  0.00000000e+00  2.50000000e-01  1.00000000e+00  1.00000000e+00  0.00000000e+00  2.50000000e-01  1.00000000e+00  1.00000000e+00  0.00000000e+00  2.50000000e-01  1.00000000e+00  1.00000000e+00  0.00000000e+00  2.50000000e-01
 5.16528146e-01  2.47316829e-01  6.10390711e-01  2.50000000e-01  5.16528146e-01  2.47316829e-01  9.99567059e-01  2.50000000e-01  1.00000000e+00  1.00000000e+00  0.00000000e+00  2.50000000e-01  1.00000000e+00  1.00000000e+00  0.00000000e+00  2.50000000e-01  1.00000000e+00  1.00000000e+00  0.00000000e+00  2.50000000e-01  1.00000000e+00  1.00000000e+00  0.00000000e+00  2.50000000e-01
 9.02630602e-01  5.34293721e-01  9.16287893e-01  2.50000000e-01  9.02630602e-01  5.34293721e-01  9.98482112e-01  2.50000000e-01  1.00000000e+00  1.00000000e+00  0.00000000e+00  2.50000000e-01  1.00000000e+00  1.00000000e+00  0.00000000e+00  2.50000000e-01  1.00000000e+00  1.00000000e+00  0.00000000e+00  2.50000000e-01  1.00000000e+00  1.00000000e+00  0.00000000e+00  2.50000000e-01
 1.05392370e+00  1.77524229e+00  6.75101087e-01  2.50000000e-01  1.05392370e+00  1.77524229e+00  9.96487762e-01  2.50000000e-01  1.00000000e+00  1.00000000e+00  0.00000000e+00  2.50000000e-01  1.00000000e+00  1.00000000e+00  0.00000000e+00  2.50000000e-01  1.00000000e+00  1.00000000e+00  0.00000000e+00  2.50000000e-01  1.00000000e+00  1.00000000e+00  0.00000000e+00  2.50000000e-01
 6.94985275e-01  5.43606823e-01  6.94364451e-01  2.50000000e-01  6.94985275e-01  5.43606823e-01  9.99038701e-01  2.50000000e-01  1.00000000e+00  1.00000000e+00  0.00000000e+00  2.50000000e-01  1.00000000e+00  1.00000000e+00  0.00000000e+00  2.50000000e-01  1.00000000e+00  1.00000000e+00  0.00000000e+00  2.50000000e-01  1.00000000e+00  1.00000000e+00  0.00000000e+00  2.50000000e-01
 9.03638617e-01  1.29473350e+00  6.48932084e-01  2.50000000e-01  9.03638617e-01  1.29473350e+00  9.97449417e-01  2.50000000e-01  1.00000000e+00  1.00000000e+00  0.00000000e+00  2.50000000e-01  1.00000000e+00  1.00000000e+00  0.00000000e+00  2.50000000e-01  1.00000000e+00  1.00000000e+00  0.00000000e+00  2.50000000e-01  1.00000000e+00  1.00000000e+00  0.00000000e+00  2.50000000e-01
 1.06833425e+00  1.02318927e+00  8.87054500e-01  2.50000000e-01  1.06833425e+00  1.02318927e+00  9.98344638e-01  2.50000000e-01  1.00000000e+00  1.00000000e+00  0.00000000e+00  2.50000000e-01  1.00000000e+00  1.00000000e+00  0.00000000e+00  2.50000000e-01  1.00000000e+00  1.00000000e+00  0.00000000e+00  2.50000000e-01  1.00000000e+00  1.00000000e+00  0.00000000e+00  2.50000000e-01
 6.61611642e-01  7.05428620e-01  6.00556925e-01  2.50000000e-01  6.61611642e-01  7.05428620e-01  9.96863256e-01  2.50000000e-01  1.00000000e+00  1.00000000e+00  0.00000000e+00  2.50000000e-01  1.00000000e+00  1.00000000e+00  0.00000000e+00  2.50000000e-01  1.00000000e+00  1.00000000e+00  0.00000000e+00  2.50000000e-01  1.00000000e+00  1.00000000e+00  0.00000000e+00  2.50000000e-01
 1.02777199e+00  1.43084623e+00  7.04799694e-01  2.50000000e-01  1.02777199e+00  1.43084623e+00  9.99463548e-01  2.50000000e-01  1.00000000e+00  1.00000000e+00  0.00000000e+00  2.50000000e-01  1.00000000e+00  1.00000000e+00  0.00000000e+00  2.50000000e-01  1.00000000e+00  1.00000000e+00  0.00000000e+00  2.50000000e-01  1.00000000e+00  1.00000000e+00  0.00000000e+00  2.50000000e-01
 1.14266902e+00  2.80432786e+00  4.11702192e-01  2.50000000e-01  1.14266902e+00  2.80432786e+00  9.99683887e-01  2.50000000e-01  1.00000000e+00  1.00000000e+00  0.00000000e+00  2.50000000e-01  1.00000000e+00  1.00000000e+00  0.00000000e+00  2.50000000e-01  1.00000000e+00  1.00000000e+00  0.00000000e+00  2.50000000e-01  1.00000000e+00  1.00000000e+00  0.00000000e+00  2.50000000e-01
 6.64087048e-01  3.03541322e-01  7.27269642e-01  2.50000000e-01  6.64087048e-01  3.03541322e-01  9.99433835e-01  2.50000000e-01  1.00000000e+00  1.00000000e+00  0.00000000e+00  2.50000000e-01  1.00000000e+00  1.00000000e+00  0.00000000e+00  2.50000000e-01  1.00000000e+00  1.00000000e+00  0.00000000e+00  2.50000000e-01  1.00000000e+00  1.00000000e+00  0.00000000e+00  2.50000000e-01
 4.64260098e-01  5.34734753e-01  5.22912220e-01  2.50000000e-01  4.64260098e-01  5.34734753e-01  9.99924907e-01  2.50000000e-01  1.00000000e+00  1.00000000e+00  0.00000000e+00  2.50000000e-01  1.00000000e+00  1.00000000e+00  0.00000000e+00  2.50000000e-01  1.00000000e+00  1.00000000e+00  0.00000000e+00  2.50000000e-01  1.00000000e+00  1.00000000e+00  0.00000000e+00  2.50000000e-01
 6.84452380e-01  1.60678840e+00  3.72434203e-01  2.50000000e-01  6.84452380e-01  1.60678840e+00  9.96727185e-01  2.50000000e-01  1.00000000e+00  1.00000000e+00  0.00000000e+00  2.50000000e-01  1.00000000e+00  1.00000000e+00  0.00000000e+00  2.50000000e-01  1.00000000e+00  1.00000000e+00  0.00000000e+00  2.50000000e-01  1.00000000e+00  1.00000000e+00  0.00000000e+00  2.50000000e-01
 1.06954666e+00  2.02780915e+00  5.97842381e-01  2.50000000e-01  1.06954666e+00  2.02780915e+00  9.98749643e-01  2.50000000e-01  1.00000000e+00  1.00000000e+00  0.00000000e+00  2.50000000e-01  1.00000000e+00  1.00000000e+00  0.00000000e+00  2.50000000e-01  1.00000000e+00  1.00000000e+00  0.00000000e+00  2.50000000e-01  1.00000000e+00  1.00000000e+00  0.00000000e+00  2.50000000e-01
 8.48844284e-01  2.06859172e+00  3.90636269e-01  2.50000000e-01  8.48844284e-01  2.06859172e+00  9.97312478e-01  2.50000000e-01  1.00000000e+00  1.00000000e+00  0.00000000e+00  2.50000000e-01  1.00000000e+00  1.00000000e+00  0.00000000e+00  2.50000000e-01  1.00000000e+00  1.00000000e+00  0.00000000e+00  2.50000000e-01  1.00000000e+00  1.00000000e+00  0.00000000e+00  2.50000000e-01
 7.79569771e-01  7.70886716e-01  8.10122013e-01  2.50000000e-01  7.79569771e-01  7.70886716e-01  9.98655817e-01  2.50000000e-01  1.00000000e+00  1.00000000e+00  0.00000000e+00  2.50000000e-01  1.00000000e+00  1.00000000e+00  0.00000000e+00  2.50000000e-01  1.00000000e+00  1.00000000e+00  0.00000000e+00  2.50000000e-01  1.00000000e+00  1.00000000e+00  0.00000000e+00  2.50000000e-01
 6.95576920e-01  4.64502395e-01  7.14642641e-01  2.50000000e-01  6.95576920e-01  4.64502395e-01  9.98390727e-01  2.50000000e-01  1.00000000e+00  1.00000000e+00  0.00000000e+00  2.50000000e-01  1.00000000e+00  1.00000000e+00  0.00000000e+00  2.50000000e-01  1.00000000e+00  1.00000000e+00  0.00000000e+00  2.50000000e-01  1.00000000e+00  1.00000000e+00  0.00000000e+00  2.50000000e-01
 7.88217260e-01  5.16279439e-01  7.48944901e-01  2.50000000e-01  7.88217260e-01  5.16279439e-01  9.99804651e-01  2.50000000e-01  1.00000000e+00  1.00000000e+00  0.00000000e+00  2.50000000e-01  1.00000000e+00  1.00000000e+00  0.00000000e+00  2.50000000e-01  1.00000000e+00  1.00000000e+00  0.00000000e+00  2.50000000e-01  1.00000000e+00  1.00000000e+00  0.00000000e+00  2.50000000e-01
 6.35961879e-01  5.87561958e-01  6.63337615e-01  2.50000000e-01  6.35961879e-01  5.87561958e-01  9.98688707e-01  2.50000000e-01  1.00000000e+00  1.00000000e+00  0.00000000e+00  2.50000000e-01  1.00000000e+00  1.00000000e+00  0.00000000e+00  2.50000000e-01  1.00000000e+00  1.00000000e+00  0.00000000e+00  2.50000000e-01  1.00000000e+00  1.00000000e+00  0.00000000e+00  2.50000000e-01
 6.02491573e-01  4.68004293e-01  5.93506178e-01  2.50000000e-01  6.02491573e-01  4.68004293e-01  9.99528634e-01  2.50000000e-01  1.00000000e+00  1.00000000e+00  0.00000000e+00  2.50000000e-01  1.00000000e+00  1.00000000e+00  0.00000000e+00  2.50000000e-01  1.00000000e+00  1.00000000e+00  0.00000000e+00  2.50000000e-01  1.00000000e+00  1.00000000e+00  0.00000000e+00  2.50000000e-01
 8.09410256e-01  1.13906159e+00  6.01445975e-01  2.50000000e-01  8.09410256e-01  1.13906159e+00  9.99012731e-01  2.50000000e-01  1.00000000e+00  1.00000000e+00  0.00000000e+00  2.50000000e-01  1.00000000e+00  1.00000000e+00  0.00000000e+00  2.50000000e-01  1.00000000e+00  1.00000000e+00  0.00000000e+00  2.50000000e-01  1.00000000e+00  1.00000000e+00  0.00000000e+00  2.50000000e-01
 7.96427108e-01  1.06217545e+00  5.76447073e-01  2.50000000e-01  7.96427108e-01  1.06217545e+00  9.96646320e-01  2.50000000e-01  1.00000000e+00  1.00000000e+00  0.00000000e+00  2.50000000e-01  1.00000000e+00  1.00000000e+00  0.00000000e+00  2.50000000e-01  1.00000000e+00  1.00000000e+00  0.00000000e+00  2.50000000e-01  1.00000000e+00  1.00000000e+00  0.00000000e+00  2.50000000e-01
 9.78279504e-01  1.27636102e+00  7.83643688e-01  2.50000000e-01  9.78279504e-01  1.27636102e+00  9.99916991e-01  2.50000000e-01  1.00000000e+00  1.00000000e+00  0.00000000e+00  2.50000000e-01  1.00000000e+00  1.00000000e+00  0.00000000e+00  2.50000000e-01  1.00000000e+00  1.00000000e+00  0.00000000e+00  2.50000000e-01  1.00000000e+00  1.00000000e+00  0.00000000e+00  2.50000000e-01
 8.33422304e-01  1.20353525e+00  6.93989140e-01  2.50000000e-01  8.33422304e-01  1.20353525e+00  9.95915991e-01  2.50000000e-01  1.00000000e+00  1.00000000e+00  0.00000000e+00  2.50000000e-01  1.00000000e+00  1.00000000e+00  0.00000000e+00  2.50000000e-01  1.00000000e+00  1.00000000e+00  0.00000000e+00  2.50000000e-01  1.00000000e+00  1.00000000e+00  0.00000000e+00  2.50000000e-01
 5.19853345e-01  6.16222824e-01  5.32890351e-01  2.50000000e-01  5.19853345e-01  6.16222824e-01  9.96233443e-01  2.50000000e-01  1.00000000e+00  1.00000000e+00  0.00000000e+00  2.50000000e-01  1.00000000e+00  1.00000000e+00  0.00000000e+00  2.50000000e-01  1.00000000e+00  1.00000000e+00  0.00000000e+00  2.50000000e-01  1.00000000e+00  1.00000000e+00  0.00000000e+00  2.50000000e-01
 1.15117488e+00  1.85239199e+00  6.46233957e-01  2.50000000e-01  1.15117488e+00  1.85239199e+00  9.98805176e-01  2.50000000e-01  1.00000000e+00  1.00000000e+00  0.00000000e+00  2.50000000e-01  1.00000000e+00  1.00000000e+00  0.00000000e+00  2.50000000e-01  1.00000000e+00  1.00000000e+00  0.00000000e+00  2.50000000e-01  1.00000000e+00  1.00000000e+00  0.00000000e+00  2.50000000e-01
 6.84185180e-01  9.41575663e-01  5.93046747e-01  2.50000000e-01  6.84185180e-01  9.41575663e-01  9.99790652e-01  2.50000000e-01  1.00000000e+00  1.00000000e+00  0.00000000e+00  2.50000000e-01  1.00000000e+00  1.00000000e+00  0.00000000e+00  2.50000000e-01  1.00000000e+00  1.00000000e+00  0.00000000e+00  2.50000000e-01  1.00000000e+00  1.00000000e+00  0.00000000e+00  2.50000000e-01
 1.07290995e+00  1.38209644e+00  8.21325105e-01  2.50000000e-01  1.07290995e+00  1.38209644e+00  9.98250571e-01  2.50000000e-01  1.00000000e+00  1.00000000e+00  0.00000000e+00  2.50000000e-01  1.00000000e+00  1.00000000e+00  0.00000000e+00  2.50000000e-01  1.00000000e+00  1.00000000e+00  0.00000000e+00  2.50000000e-01  1.00000000e+00  1.00000000e+00  0.00000000e+00  2.50000000e-01
 9.83385465e-01  1.57678752e+00  6.17843941e-01  2.50000000e-01  9.83385465e-01  1.57678752e+00  9.97078563e-01  2.50000000e-01  1.00000000e+00  1.00000000e+00  0.00000000e+00  2.50000000e-01  1.00000000e+00  1.00000000e+00  0.00000000e+00  2.50000000e-01  1.00000000e+00  1.00000000e+00  0.00000000e+00  2.50000000e-01  1.00000000e+00  1.00000000e+00  0.00000000e+00  2.50000000e-01
 7.39111300e-01  8.05584811e-01  5.80647429e-01  2.50000000e-01  7.39111300e-01  8.05584811e-01  9.98153182e-01  2.50000000e-01  1.00000000e+00  1.00000000e+00  0.00000000e+00  2.50000000e-01  1.00000000e+00  1.00000000e+00  0.00000000e+00  2.50000000e-01  1.00000000e+00  1.00000000e+00  0.00000000e+00  2.50000000e-01  1.00000000e+00  1.00000000e+00  0.00000000e+00  2.50000000e-01
 4.63127040e-01  4.70946123e-01  4.60072560e-01  2.50000000e-01  4.63127040e-01  4.70946123e-01  9.97261911e-01  2.50000000e-01  1.00000000e+00  1.00000000e+00  0.00000000e+00  2.50000000e-01  1.00000000e+00  1.00000000e+00  0.00000000e+00  2.50000000e-01  1.00000000e+00  1.00000000e+00  0.00000000e+00  2.50000000e-01  1.00000000e+00  1.00000000e+00  0.00000000e+00  2.50000000e-01
 7.09883187e-01  7.17142007e-01  6.85754549e-01  2.50000000e-01  7.09883187e-01  7.17142007e-01  9.99631677e-01  2.50000000e-01  1.00000000e+00  1.00000000e+00  0.00000000e+00  2.50000000e-01  1.00000000e+00  1.00000000e+00  0.00000000e+00  2.50000000e-01  1.00000000e+00  1.00000000e+00  0.00000000e+00  2.50000000e-01  1.00000000e+00  1.00000000e+00  0.00000000e+00  2.50000000e-01
 8.95874084e-01  2.04564878e+00  4.87221794e-01  2.50000000e-01  8.95874084e-01  2.04564878e+00  9.98801998e-01  2.50000000e-01  1.00000000e+00  1.00000000e+00  0.00000000e+00  2.50000000e-01  1.00000000e+00  1.00000000e+00  0.00000000e+00  2.50000000e-01  1.00000000e+00  1.00000000e+00  0.00000000e+00  2.50000000e-01  1.00000000e+00  1.00000000e+00  0.00000000e+00  2.50000000e-01
 9.47631152e-01  1.68404824e+00  5.30130980e-01  2.50000000e-01  9.47631152e-01  1.68404824e+00  9.98921456e-01  2.50000000e-01  1.00000000e+00  1.00000000e+00  0.00000000e+00  2.50000000e-01  1.00000000e+00  1.00000000e+00  0.00000000e+00  2.50000000e-01  1.00000000e+00  1.00000000e+00  0.00000000e+00  2.50000000e-01  1.00000000e+00  1.00000000e+00  0.00000000e+00  2.50000000e-01
 7.84547388e-01  1.47733448e+00  4.14301107e-01  2.50000000e-01  7.84547388e-01  1.47733448e+00  9.96279536e-01  2.50000000e-01  1.00000000e+00  1.00000000e+00  0.00000000e+00  2.50000000e-01  1.00000000e+00  1.00000000e+00  0.00000000e+00  2.50000000e-01  1.00000000e+00  1.00000000e+00  0.00000000e+00  2.50000000e-01  1.00000000e+00  1.00000000e+00  0.00000000e+00  2.50000000e-01
 1.00400783e+00  2.32352993e+00  3.82200779e-01  2.50000000e-01  1.00400783e+00  2.32352993e+00  9.97687145e-01  2.50000000e-01  1.00000000e+00  1.00000000e+00  0.00000000e+00  2.50000000e-01  1.00000000e+00  1.00000000e+00  0.00000000e+00  2.50000000e-01  1.00000000e+00  1.00000000e+00  0.00000000e+00  2.50000000e-01  1.00000000e+00  1.00000000e+00  0.00000000e+00  2.50000000e-01
 7.25955556e-01  1.03224014e+00  5.57116297e-01  2.50000000e-01  7.25955556e-01  1.03224014e+00  9.97903230e-01  2.50000000e-01  1.00000000e+00  1.00000000e+00  0.00000000e+00  2.50000000e-01  1.00000000e+00  1.00000000e+00  0.00000000e+00  2.50000000e-01  1.00000000e+00  1.00000000e+00  0.00000000e+00  2.50000000e-01  1.00000000e+00  1.00000000e+00  0.00000000e+00  2.50000000e-01
 6.63681992e-01  1.08766529e+00  5.48408454e-01  2.50000000e-01  6.63681992e-01  1.08766529e+00  9.98928077e-01  2.50000000e-01  1.00000000e+00  1.00000000e+00  0.00000000e+00  2.50000000e-01  1.00000000e+00  1.00000000e+00  0.00000000e+00  2.50000000e-01  1.00000000e+00  1.00000000e+00  0.00000000e+00  2.50000000e-01  1.00000000e+00  1.00000000e+00  0.00000000e+00  2.50000000e-01
 1.11079797e+00  2.24795537e+00  5.32684142e-01  2.50000000e-01  1.11079797e+00  2.24795537e+00  9.99306928e-01  2.50000000e-01  1.00000000e+00  1.00000000e+00  0.00000000e+00  2.50000000e-01  1.00000000e+00  1.00000000e+00  0.00000000e+00  2.50000000e-01  1.00000000e+00  1.00000000e+00  0.00000000e+00  2.50000000e-01  1.00000000e+00  1.00000000e+00  0.00000000e+00  2.50000000e-01
 6.40414236e-01  1.24674308e+00  5.70803075e-01  2.50000000e-01  6.40414236e-01  1.24674308e+00  9.99860030e-01  2.50000000e-01  1.00000000e+00  1.00000000e+00  0.00000000e+00  2.50000000e-01  1.00000000e+00  1.00000000e+00  0.00000000e+00  2.50000000e-01  1.00000000e+00  1.00000000e+00  0.00000000e+00  2.50000000e-01  1.00000000e+00  1.00000000e+00  0.00000000e+00  2.50000000e-01
 7.40862791e-01  1.05358514e+00  5.96463683e-01  2.50000000e-01  7.40862791e-01  1.05358514e+00  9.97521713e-01  2.50000000e-01  1.00000000e+00  1.00000000e+00  0.00000000e+00  2.50000000e-01  1.00000000e+00  1.00000000e+00  0.00000000e+00  2.50000000e-01  1.00000000e+00  1.00000000e+00  0.00000000e+00  2.50000000e-01  1.00000000e+00  1.00000000e+00  0.00000000e+00  2.50000000e-01
 8.15830774e-01  8.17445949e-01  6.77779409e-01  2.50000000e-01  8.15830774e-01  8.17445949e-01  9.98850364e-01  2.50000000e-01  1.00000000e+00  1.00000000e+00  0.00000000e+00  2.50000000e-01  1.00000000e+00  1.00000000e+00  0.00000000e+00  2.50000000e-01  1.00000000e+00  1.00000000e+00  0.00000000e+00  2.50000000e-01  1.00000000e+00  1.00000000e+00  0.00000000e+00  2.50000000e-01
 8.83009868e-01  1.51584598e+00  5.13094413e-01  2.50000000e-01  8.83009868e-01  1.51584598e+00  9.99400235e-01  2.50000000e-01  1.00000000e+00  1.00000000e+00  0.00000000e+00  2.50000000e-01  1.00000000e+00  1.00000000e+00  0.00000000e+00  2.50000000e-01  1.00000000e+00  1.00000000e+00  0.00000000e+00  2.50000000e-01  1.00000000e+00  1.00000000e+00  0.00000000e+00  2.50000000e-01
 6.96553851e-01  3.00446401e-01  8.37221506e-01  2.50000000e-01  6.96553851e-01  3.00446401e-01  9.99439875e-01  2.50000000e-01  1.00000000e+00  1.00000000e+00  0.00000000e+00  2.50000000e-01  1.00000000e+00  1.00000000e+00  0.00000000e+00  2.50000000e-01  1.00000000e+00  1.00000000e+00  0.00000000e+00  2.50000000e-01  1.00000000e+00  1.00000000e+00  0.00000000e+00  2.50000000e-01
 1.14130658e+00  2.03153892e+00  5.27318597e-01  2.50000000e-01  1.14130658e+00  2.03153892e+00  9.98526730e-01  2.50000000e-01  1.00000000e+00  1.00000000e+00  0.00000000e+00  2.50000000e-01  1.00000000e+00  1.00000000e+00  0.00000000e+00  2.50000000e-01  1.00000000e+00  1.00000000e+00  0.00000000e+00  2.50000000e-01  1.00000000e+00  1.00000000e+00  0.00000000e+00  2.50000000e-01
 7.19437498e-01  6.53402551e-01  7.54894558e-01  2.50000000e-01  7.19437498e-01  6.53402551e-01  9.96603525e-01  2.50000000e-01  1.00000000e+00  1.00000000e+00  0.00000000e+00  2.50000000e-01  1.00000000e+00  1.00000000e+00  0.00000000e+00  2.50000000e-01  1.00000000e+00  1.00000000e+00  0.00000000e+00  2.50000000e-01  1.00000000e+00  1.00000000e+00  0.00000000e+00  2.50000000e-01
 5.25290356e-01  4.76209306e-01  5.57620646e-01  2.50000000e-01  5.25290356e-01  4.76209306e-01  9.98074844e-01  2.50000000e-01  1.00000000e+00  1.00000000e+00  0.00000000e+00  2.50000000e-01  1.00000000e+00  1.00000000e+00  0.00000000e+00  2.50000000e-01  1.00000000e+00  1.00000000e+00  0.00000000e+00  2.50000000e-01  1.00000000e+00  1.00000000e+00  0.00000000e+00  2.50000000e-01
 5.07326457e-01  4.99500188e-01  5.30954721e-01  2.50000000e-01  5.07326457e-01  4.99500188e-01  9.99722039e-01  2.50000000e-01  1.00000000e+00  1.00000000e+00  0.00000000e+00  2.50000000e-01  1.00000000e+00  1.00000000e+00  0.00000000e+00  2.50000000e-01  1.00000000e+00  1.00000000e+00  0.00000000e+00  2.50000000e-01  1.00000000e+00  1.00000000e+00  0.00000000e+00  2.50000000e-01
 9.08854349e-01  1.63321928e+00  6.38859359e-01  2.50000000e-01  9.08854349e-01  1.63321928e+00  9.99852910e-01  2.50000000e-01  1.00000000e+00  1.00000000e+00  0.00000000e+00  2.50000000e-01  1.00000000e+00  1.00000000e+00  0.00000000e+00  2.50000000e-01  1.00000000e+00  1.00000000e+00  0.00000000e+00  2.50000000e-01  1.00000000e+00  1.00000000e+00  0.00000000e+00  2.50000000e-01
 1.32189911e+00  3.05476499e+00  5.03745042e-01  2.50000000e-01  1.32189911e+00  3.05476499e+00  9.99113476e-01  2.50000000e-01  1.00000000e+00  1.00000000e+00  0.00000000e+00  2.50000000e-01  1.00000000e+00  1.00000000e+00  0.00000000e+00  2.50000000e-01  1.00000000e+00  1.00000000e+00  0.00000000e+00  2.50000000e-01  1.00000000e+00  1.00000000e+00  0.00000000e+00  2.50000000e-01
 7.80496114e-01  5.18271439e-01  8.88818112e-01  2.50000000e-01  7.80496114e-01  5.18271439e-01  9.98953618e-01  2.50000000e-01  1.00000000e+00  1.00000000e+00  0.00000000e+00  2.50000000e-01  1.00000000e+00  1.00000000e+00  0.00000000e+00  2.50000000e-01  1.00000000e+00  1.00000000e+00  0.00000000e+00  2.50000000e-01  1.00000000e+00  1.00000000e+00  0.00000000e+00  2.50000000e-01
 9.86986134e-01  1.36958208e+00  7.22086877e-01  2.50000000e-01  9.86986134e-01  1.36958208e+00  9.96495358e-01  2.50000000e-01  1.00000000e+00  1.00000000e+00  0.00000000e+00  2.50000000e-01  1.00000000e+00  1.00000000e+00  0.00000000e+00  2.50000000e-01  1.00000000e+00  1.00000000e+00  0.00000000e+00  2.50000000e-01  1.00000000e+00  1.00000000e+00  0.00000000e+00  2.50000000e-01
 6.34849767e-01  5.96676089e-01  6.33523566e-01  2.50000000e-01  6.34849767e-01  5.96676089e-01  9.98957734e-01  2.50000000e-01  1.00000000e+00  1.00000000e+00  0.00000000e+00  2.50000000e-01  1.00000000e+00  1.00000000e+00  0.00000000e+00  2.50000000e-01  1.00000000e+00  1.00000000e+00  0.00000000e+00  2.50000000e-01  1.00000000e+00  1.00000000e+00  0.00000000e+00  2.50000000e-01
 5.73126088e-01  3.60063611e-01  6.78262737e-01  2.50000000e-01  5.73126088e-01  3.60063611e-01  9.97737200e-01  2.50000000e-01  1.00000000e+00  1.00000000e+00  0.00000000e+00  2.50000000e-01  1.00000000e+00  1.00000000e+00  0.00000000e+00  2.50000000e-01  1.00000000e+00  1.00000000e+00  0.00000000e+00  2.50000000e-01  1.00000000e+00  1.00000000e+00  0.00000000e+00  2.50000000e-01
 8.14750896e-01  1.57794469e+00  5.69163085e-01  2.50000000e-01  8.14750896e-01  1.57794469e+00  9.97990961e-01  2.50000000e-01  1.00000000e+00  1.00000000e+00  0.00000000e+00  2.50000000e-01  1.00000000e+00  1.00000000e+00  0.00000000e+00  2.50000000e-01  1.00000000e+00  1.00000000e+00  0.00000000e+00  2.50000000e-01  1.00000000e+00  1.00000000e+00  0.00000000e+00  2.50000000e-01
 3.83320417e-01  3.79223426e-01  4.97849148e-01  2.50000000e-01  3.83320417e-01  3.79223426e-01  9.98833236e-01  2.50000000e-01  1.00000000e+00  1.00000000e+00  0.00000000e+00  2.50000000e-01  1.00000000e+00  1.00000000e+00  0.00000000e+00  2.50000000e-01  1.00000000e+00  1.00000000e+00  0.00000000e+00  2.50000000e-01  1.00000000e+00  1.00000000e+00  0.00000000e+00  2.50000000e-01
 1.02213960e+00  1.59688139e+00  6.77324499e-01  2.50000000e-01  1.02213960e+00  1.59688139e+00  9.97657215e-01  2.50000000e-01  1.00000000e+00  1.00000000e+00  0.00000000e+00  2.50000000e-01  1.00000000e+00  1.00000000e+00  0.00000000e+00  2.50000000e-01  1.00000000e+00  1.00000000e+00  0.00000000e+00  2.50000000e-01  1.00000000e+00  1.00000000e+00  0.00000000e+00  2.50000000e-01
 8.53563042e-01  2.03808916e+00  3.70304302e-01  2.50000000e-01  8.53563042e-01  2.03808916e+00  9.98635879e-01  2.50000000e-01  1.00000000e+00  1.00000000e+00  0.00000000e+00  2.50000000e-01  1.00000000e+00  1.00000000e+00  0.00000000e+00  2.50000000e-01  1.00000000e+00  1.00000000e+00  0.00000000e+00  2.50000000e-01  1.00000000e+00  1.00000000e+00  0.00000000e+00  2.50000000e-01
 7.81662614e-01  3.81289729e-01  8.83535356e-01  2.50000000e-01  7.81662614e-01  3.81289729e-01  9.99666613e-01  2.50000000e-01  1.00000000e+00  1.00000000e+00  0.00000000e+00  2.50000000e-01  1.00000000e+00  1.00000000e+00  0.00000000e+00  2.50000000e-01  1.00000000e+00  1.00000000e+00  0.00000000e+00  2.50000000e-01  1.00000000e+00  1.00000000e+00  0.00000000e+00  2.50000000e-01
 4.33606103e-01  2.40968797e-01  6.28765136e-01  2.50000000e-01  4.33606103e-01  2.40968797e-01  9.97091000e-01  2.50000000e-01  1.00000000e+00  1.00000000e+00  0.00000000e+00  2.50000000e-01  1.00000000e+00  1.00000000e+00  0.00000000e+00  2.50000000e-01  1.00000000e+00  1.00000000e+00  0.00000000e+00  2.50000000e-01  1.00000000e+00  1.00000000e+00  0.00000000e+00  2.50000000e-01
 1.32237375e+00  2.47367585e+00  6.05508843e-01  2.50000000e-01  1.32237375e+00  2.47367585e+00  9.96268730e-01  2.50000000e-01  1.00000000e+00  1.00000000e+00  0.00000000e+00  2.50000000e-01  1.00000000e+00  1.00000000e+00  0.00000000e+00  2.50000000e-01  1.00000000e+00  1.00000000e+00  0.00000000e+00  2.50000000e-01  1.00000000e+00  1.00000000e+00  0.00000000e+00  2.50000000e-01
 1.01107788e+00  1.97364846e+00  5.79331225e-01  2.50000000e-01  1.01107788e+00  1.97364846e+00  9.98151265e-01  2.50000000e-01  1.00000000e+00  1.00000000e+00  0.00000000e+00  2.50000000e-01  1.00000000e+00  1.00000000e+00  0.00000000e+00  2.50000000e-01  1.00000000e+00  1.00000000e+00  0.00000000e+00  2.50000000e-01  1.00000000e+00  1.00000000e+00  0.00000000e+00  2.50000000e-01
 9.29360152e-01  1.62558437e+00  6.06528987e-01  2.50000000e-01  9.29360152e-01  1.62558437e+00  9.99792447e-01  2.50000000e-01  1.00000000e+00  1.00000000e+00  0.00000000e+00  2.50000000e-01  1.00000000e+00  1.00000000e+00  0.00000000e+00  2.50000000e-01  1.00000000e+00  1.00000000e+00  0.00000000e+00  2.50000000e-01  1.00000000e+00  1.00000000e+00  0.00000000e+00  2.50000000e-01
